cadeira 453.33334 199.99998 21.666666 21.666666 0.0 -3440095 255.0
cadeira 428.66666 199.99998 21.666666 21.666666 0.0 -3440095 255.0
cadeira 404.0 199.99998 21.666666 21.666666 0.0 -3440095 255.0
cadeira 379.33334 199.99998 21.666666 21.666666 0.0 -3440095 255.0
cadeira 354.6667 199.99998 21.666666 21.666666 0.0 -3440095 255.0
cadeira 330.0 199.99998 21.666666 21.666666 0.0 -3440095 255.0
cadeira 305.33334 199.99998 21.666666 21.666666 0.0 -3440095 255.0
cadeira 280.6667 199.99998 21.666666 21.666666 0.0 -3440095 255.0
cadeira 256.0 199.99998 21.666666 21.666666 0.0 -3440095 255.0
cadeira 453.33334 239.16666 21.666666 21.666666 0.0 -3440095 255.0
cadeira 428.66666 239.16666 21.666666 21.666666 0.0 -3440095 255.0
cadeira 404.0 239.16666 21.666666 21.666666 0.0 -3440095 255.0
cadeira 379.33334 239.16666 21.666666 21.666666 0.0 -3440095 255.0
cadeira 354.6667 239.16666 21.666666 21.666666 0.0 -3440095 255.0
cadeira 330.0 239.16666 21.666666 21.666666 0.0 -3440095 255.0
cadeira 305.33334 239.16666 21.666666 21.666666 0.0 -3440095 255.0
cadeira 280.6667 239.16666 21.666666 21.666666 0.0 -3440095 255.0
cadeira 256.0 239.16666 21.666666 21.666666 0.0 -3440095 255.0
cadeira 453.33334 278.3333 21.666666 21.666666 0.0 -3440095 255.0
cadeira 428.66666 278.3333 21.666666 21.666666 0.0 -3440095 255.0
cadeira 404.0 278.3333 21.666666 21.666666 0.0 -3440095 255.0
cadeira 379.33334 278.3333 21.666666 21.666666 0.0 -3440095 255.0
cadeira 354.6667 278.3333 21.666666 21.666666 0.0 -3440095 255.0
cadeira 330.0 278.3333 21.666666 21.666666 0.0 -3440095 255.0
cadeira 305.33334 278.3333 21.666666 21.666666 0.0 -3440095 255.0
cadeira 280.6667 278.3333 21.666666 21.666666 0.0 -3440095 255.0
cadeira 256.0 278.3333 21.666666 21.666666 0.0 -3440095 255.0
cadeira 453.33334 317.49997 21.666666 21.666666 0.0 -3440095 255.0
cadeira 428.66666 317.49997 21.666666 21.666666 0.0 -3440095 255.0
cadeira 404.0 317.49997 21.666666 21.666666 0.0 -3440095 255.0
cadeira 379.33334 317.49997 21.666666 21.666666 0.0 -3440095 255.0
cadeira 354.6667 317.49997 21.666666 21.666666 0.0 -3440095 255.0
cadeira 330.0 317.49997 21.666666 21.666666 0.0 -3440095 255.0
cadeira 305.33334 317.49997 21.666666 21.666666 0.0 -3440095 255.0
cadeira 280.6667 317.49997 21.666666 21.666666 0.0 -3440095 255.0
cadeira 256.0 317.49997 21.666666 21.666666 0.0 -3440095 255.0
cadeira 453.33334 356.66663 21.666666 21.666666 0.0 -3440095 255.0
cadeira 428.66666 356.66663 21.666666 21.666666 0.0 -3440095 255.0
cadeira 404.0 356.66663 21.666666 21.666666 0.0 -3440095 255.0
cadeira 379.33334 356.66663 21.666666 21.666666 0.0 -3440095 255.0
cadeira 354.6667 356.66663 21.666666 21.666666 0.0 -3440095 255.0
cadeira 330.0 356.66663 21.666666 21.666666 0.0 -3440095 255.0
cadeira 305.33334 356.66663 21.666666 21.666666 0.0 -3440095 255.0
cadeira 280.6667 356.66663 21.666666 21.666666 0.0 -3440095 255.0
cadeira 256.0 356.66663 21.666666 21.666666 0.0 -3440095 255.0
cadeira 453.33334 395.8333 21.666666 21.666666 0.0 -3440095 255.0
cadeira 428.66666 395.8333 21.666666 21.666666 0.0 -3440095 255.0
cadeira 404.0 395.8333 21.666666 21.666666 0.0 -3440095 255.0
cadeira 379.33334 395.8333 21.666666 21.666666 0.0 -3440095 255.0
cadeira 354.6667 395.8333 21.666666 21.666666 0.0 -3440095 255.0
cadeira 330.0 395.8333 21.666666 21.666666 0.0 -3440095 255.0
cadeira 305.33334 395.8333 21.666666 21.666666 0.0 -3440095 255.0
cadeira 280.6667 395.8333 21.666666 21.666666 0.0 -3440095 255.0
cadeira 256.0 395.8333 21.666666 21.666666 0.0 -3440095 255.0
cadeira 525.0 199.99998 21.666666 21.666666 0.0 -3440095 255.0
cadeira 549.6667 199.99998 21.666666 21.666666 0.0 -3440095 255.0
cadeira 574.3333 199.99998 21.666666 21.666666 0.0 -3440095 255.0
cadeira 599.0 199.99998 21.666666 21.666666 0.0 -3440095 255.0
cadeira 623.6667 199.99998 21.666666 21.666666 0.0 -3440095 255.0
cadeira 648.3333 199.99998 21.666666 21.666666 0.0 -3440095 255.0
cadeira 673.0 199.99998 21.666666 21.666666 0.0 -3440095 255.0
cadeira 697.6666 199.99998 21.666666 21.666666 0.0 -3440095 255.0
cadeira 722.3333 199.99998 21.666666 21.666666 0.0 -3440095 255.0
cadeira 525.0 239.16666 21.666666 21.666666 0.0 -3440095 255.0
cadeira 549.6667 239.16666 21.666666 21.666666 0.0 -3440095 255.0
cadeira 574.3333 239.16666 21.666666 21.666666 0.0 -3440095 255.0
cadeira 599.0 239.16666 21.666666 21.666666 0.0 -3440095 255.0
cadeira 623.6667 239.16666 21.666666 21.666666 0.0 -3440095 255.0
cadeira 648.3333 239.16666 21.666666 21.666666 0.0 -3440095 255.0
cadeira 673.0 239.16666 21.666666 21.666666 0.0 -3440095 255.0
cadeira 697.6666 239.16666 21.666666 21.666666 0.0 -3440095 255.0
cadeira 722.3333 239.16666 21.666666 21.666666 0.0 -3440095 255.0
cadeira 525.0 278.3333 21.666666 21.666666 0.0 -3440095 255.0
cadeira 549.6667 278.3333 21.666666 21.666666 0.0 -3440095 255.0
cadeira 574.3333 278.3333 21.666666 21.666666 0.0 -3440095 255.0
cadeira 599.0 278.3333 21.666666 21.666666 0.0 -3440095 255.0
cadeira 623.6667 278.3333 21.666666 21.666666 0.0 -3440095 255.0
cadeira 648.3333 278.3333 21.666666 21.666666 0.0 -3440095 255.0
cadeira 673.0 278.3333 21.666666 21.666666 0.0 -3440095 255.0
cadeira 697.6666 278.3333 21.666666 21.666666 0.0 -3440095 255.0
cadeira 722.3333 278.3333 21.666666 21.666666 0.0 -3440095 255.0
cadeira 525.0 317.49997 21.666666 21.666666 0.0 -3440095 255.0
cadeira 549.6667 317.49997 21.666666 21.666666 0.0 -3440095 255.0
cadeira 574.3333 317.49997 21.666666 21.666666 0.0 -3440095 255.0
cadeira 599.0 317.49997 21.666666 21.666666 0.0 -3440095 255.0
cadeira 623.6667 317.49997 21.666666 21.666666 0.0 -3440095 255.0
cadeira 648.3333 317.49997 21.666666 21.666666 0.0 -3440095 255.0
cadeira 673.0 317.49997 21.666666 21.666666 0.0 -3440095 255.0
cadeira 697.6666 317.49997 21.666666 21.666666 0.0 -3440095 255.0
cadeira 722.3333 317.49997 21.666666 21.666666 0.0 -3440095 255.0
cadeira 525.0 356.66663 21.666666 21.666666 0.0 -3440095 255.0
cadeira 549.6667 356.66663 21.666666 21.666666 0.0 -3440095 255.0
cadeira 574.3333 356.66663 21.666666 21.666666 0.0 -3440095 255.0
cadeira 599.0 356.66663 21.666666 21.666666 0.0 -3440095 255.0
cadeira 623.6667 356.66663 21.666666 21.666666 0.0 -3440095 255.0
cadeira 648.3333 356.66663 21.666666 21.666666 0.0 -3440095 255.0
cadeira 673.0 356.66663 21.666666 21.666666 0.0 -3440095 255.0
cadeira 697.6666 356.66663 21.666666 21.666666 0.0 -3440095 255.0
cadeira 722.3333 356.66663 21.666666 21.666666 0.0 -3440095 255.0
cadeira 525.0 395.8333 21.666666 21.666666 0.0 -3440095 255.0
cadeira 549.6667 395.8333 21.666666 21.666666 0.0 -3440095 255.0
cadeira 574.3333 395.8333 21.666666 21.666666 0.0 -3440095 255.0
cadeira 599.0 395.8333 21.666666 21.666666 0.0 -3440095 255.0
cadeira 623.6667 395.8333 21.666666 21.666666 0.0 -3440095 255.0
cadeira 648.3333 395.8333 21.666666 21.666666 0.0 -3440095 255.0
cadeira 673.0 395.8333 21.666666 21.666666 0.0 -3440095 255.0
cadeira 697.6666 395.8333 21.666666 21.666666 0.0 -3440095 255.0
cadeira 722.3333 395.8333 21.666666 21.666666 0.0 -3440095 255.0
cadeira 453.33334 199.99998 21.666666 21.666666 0.0 -3440095 255.0
cadeira 428.66666 199.99998 21.666666 21.666666 0.0 -3440095 255.0
cadeira 404.0 199.99998 21.666666 21.666666 0.0 -3440095 255.0
cadeira 379.33334 199.99998 21.666666 21.666666 0.0 -3440095 255.0
cadeira 354.6667 199.99998 21.666666 21.666666 0.0 -3440095 255.0
cadeira 330.0 199.99998 21.666666 21.666666 0.0 -3440095 255.0
cadeira 305.33334 199.99998 21.666666 21.666666 0.0 -3440095 255.0
cadeira 280.6667 199.99998 21.666666 21.666666 0.0 -3440095 255.0
cadeira 256.0 199.99998 21.666666 21.666666 0.0 -3440095 255.0
cadeira 453.33334 239.16666 21.666666 21.666666 0.0 -3440095 255.0
cadeira 428.66666 239.16666 21.666666 21.666666 0.0 -3440095 255.0
cadeira 404.0 239.16666 21.666666 21.666666 0.0 -3440095 255.0
cadeira 379.33334 239.16666 21.666666 21.666666 0.0 -3440095 255.0
cadeira 354.6667 239.16666 21.666666 21.666666 0.0 -3440095 255.0
cadeira 330.0 239.16666 21.666666 21.666666 0.0 -3440095 255.0
cadeira 305.33334 239.16666 21.666666 21.666666 0.0 -3440095 255.0
cadeira 280.6667 239.16666 21.666666 21.666666 0.0 -3440095 255.0
cadeira 256.0 239.16666 21.666666 21.666666 0.0 -3440095 255.0
cadeira 453.33334 278.3333 21.666666 21.666666 0.0 -3440095 255.0
cadeira 428.66666 278.3333 21.666666 21.666666 0.0 -3440095 255.0
cadeira 404.0 278.3333 21.666666 21.666666 0.0 -3440095 255.0
cadeira 379.33334 278.3333 21.666666 21.666666 0.0 -3440095 255.0
cadeira 354.6667 278.3333 21.666666 21.666666 0.0 -3440095 255.0
cadeira 330.0 278.3333 21.666666 21.666666 0.0 -3440095 255.0
cadeira 305.33334 278.3333 21.666666 21.666666 0.0 -3440095 255.0
cadeira 280.6667 278.3333 21.666666 21.666666 0.0 -3440095 255.0
cadeira 256.0 278.3333 21.666666 21.666666 0.0 -3440095 255.0
cadeira 453.33334 317.49997 21.666666 21.666666 0.0 -3440095 255.0
cadeira 428.66666 317.49997 21.666666 21.666666 0.0 -3440095 255.0
cadeira 404.0 317.49997 21.666666 21.666666 0.0 -3440095 255.0
cadeira 379.33334 317.49997 21.666666 21.666666 0.0 -3440095 255.0
cadeira 354.6667 317.49997 21.666666 21.666666 0.0 -3440095 255.0
cadeira 330.0 317.49997 21.666666 21.666666 0.0 -3440095 255.0
cadeira 305.33334 317.49997 21.666666 21.666666 0.0 -3440095 255.0
cadeira 280.6667 317.49997 21.666666 21.666666 0.0 -3440095 255.0
cadeira 256.0 317.49997 21.666666 21.666666 0.0 -3440095 255.0
cadeira 453.33334 356.66663 21.666666 21.666666 0.0 -3440095 255.0
cadeira 428.66666 356.66663 21.666666 21.666666 0.0 -3440095 255.0
cadeira 404.0 356.66663 21.666666 21.666666 0.0 -3440095 255.0
cadeira 379.33334 356.66663 21.666666 21.666666 0.0 -3440095 255.0
cadeira 354.6667 356.66663 21.666666 21.666666 0.0 -3440095 255.0
cadeira 330.0 356.66663 21.666666 21.666666 0.0 -3440095 255.0
cadeira 305.33334 356.66663 21.666666 21.666666 0.0 -3440095 255.0
cadeira 280.6667 356.66663 21.666666 21.666666 0.0 -3440095 255.0
cadeira 256.0 356.66663 21.666666 21.666666 0.0 -3440095 255.0
cadeira 453.33334 395.8333 21.666666 21.666666 0.0 -3440095 255.0
cadeira 428.66666 395.8333 21.666666 21.666666 0.0 -3440095 255.0
cadeira 404.0 395.8333 21.666666 21.666666 0.0 -3440095 255.0
cadeira 379.33334 395.8333 21.666666 21.666666 0.0 -3440095 255.0
cadeira 354.6667 395.8333 21.666666 21.666666 0.0 -3440095 255.0
cadeira 330.0 395.8333 21.666666 21.666666 0.0 -3440095 255.0
cadeira 305.33334 395.8333 21.666666 21.666666 0.0 -3440095 255.0
cadeira 280.6667 395.8333 21.666666 21.666666 0.0 -3440095 255.0
cadeira 256.0 395.8333 21.666666 21.666666 0.0 -3440095 255.0
cadeira 525.0 199.99998 21.666666 21.666666 0.0 -3440095 255.0
cadeira 549.6667 199.99998 21.666666 21.666666 0.0 -3440095 255.0
cadeira 574.3333 199.99998 21.666666 21.666666 0.0 -3440095 255.0
cadeira 599.0 199.99998 21.666666 21.666666 0.0 -3440095 255.0
cadeira 623.6667 199.99998 21.666666 21.666666 0.0 -3440095 255.0
cadeira 648.3333 199.99998 21.666666 21.666666 0.0 -3440095 255.0
cadeira 673.0 199.99998 21.666666 21.666666 0.0 -3440095 255.0
cadeira 697.6666 199.99998 21.666666 21.666666 0.0 -3440095 255.0
cadeira 722.3333 199.99998 21.666666 21.666666 0.0 -3440095 255.0
cadeira 525.0 239.16666 21.666666 21.666666 0.0 -3440095 255.0
cadeira 549.6667 239.16666 21.666666 21.666666 0.0 -3440095 255.0
cadeira 574.3333 239.16666 21.666666 21.666666 0.0 -3440095 255.0
cadeira 599.0 239.16666 21.666666 21.666666 0.0 -3440095 255.0
cadeira 623.6667 239.16666 21.666666 21.666666 0.0 -3440095 255.0
cadeira 648.3333 239.16666 21.666666 21.666666 0.0 -3440095 255.0
cadeira 673.0 239.16666 21.666666 21.666666 0.0 -3440095 255.0
cadeira 697.6666 239.16666 21.666666 21.666666 0.0 -3440095 255.0
cadeira 722.3333 239.16666 21.666666 21.666666 0.0 -3440095 255.0
cadeira 525.0 278.3333 21.666666 21.666666 0.0 -3440095 255.0
cadeira 549.6667 278.3333 21.666666 21.666666 0.0 -3440095 255.0
cadeira 574.3333 278.3333 21.666666 21.666666 0.0 -3440095 255.0
cadeira 599.0 278.3333 21.666666 21.666666 0.0 -3440095 255.0
cadeira 623.6667 278.3333 21.666666 21.666666 0.0 -3440095 255.0
cadeira 648.3333 278.3333 21.666666 21.666666 0.0 -3440095 255.0
cadeira 673.0 278.3333 21.666666 21.666666 0.0 -3440095 255.0
cadeira 697.6666 278.3333 21.666666 21.666666 0.0 -3440095 255.0
cadeira 722.3333 278.3333 21.666666 21.666666 0.0 -3440095 255.0
cadeira 525.0 317.49997 21.666666 21.666666 0.0 -3440095 255.0
cadeira 549.6667 317.49997 21.666666 21.666666 0.0 -3440095 255.0
cadeira 574.3333 317.49997 21.666666 21.666666 0.0 -3440095 255.0
cadeira 599.0 317.49997 21.666666 21.666666 0.0 -3440095 255.0
cadeira 623.6667 317.49997 21.666666 21.666666 0.0 -3440095 255.0
cadeira 648.3333 317.49997 21.666666 21.666666 0.0 -3440095 255.0
cadeira 673.0 317.49997 21.666666 21.666666 0.0 -3440095 255.0
cadeira 697.6666 317.49997 21.666666 21.666666 0.0 -3440095 255.0
cadeira 722.3333 317.49997 21.666666 21.666666 0.0 -3440095 255.0
cadeira 525.0 356.66663 21.666666 21.666666 0.0 -3440095 255.0
cadeira 549.6667 356.66663 21.666666 21.666666 0.0 -3440095 255.0
cadeira 574.3333 356.66663 21.666666 21.666666 0.0 -3440095 255.0
cadeira 599.0 356.66663 21.666666 21.666666 0.0 -3440095 255.0
cadeira 623.6667 356.66663 21.666666 21.666666 0.0 -3440095 255.0
cadeira 648.3333 356.66663 21.666666 21.666666 0.0 -3440095 255.0
cadeira 673.0 356.66663 21.666666 21.666666 0.0 -3440095 255.0
cadeira 697.6666 356.66663 21.666666 21.666666 0.0 -3440095 255.0
cadeira 722.3333 356.66663 21.666666 21.666666 0.0 -3440095 255.0
cadeira 525.0 395.8333 21.666666 21.666666 0.0 -3440095 255.0
cadeira 549.6667 395.8333 21.666666 21.666666 0.0 -3440095 255.0
cadeira 574.3333 395.8333 21.666666 21.666666 0.0 -3440095 255.0
cadeira 599.0 395.8333 21.666666 21.666666 0.0 -3440095 255.0
cadeira 623.6667 395.8333 21.666666 21.666666 0.0 -3440095 255.0
cadeira 648.3333 395.8333 21.666666 21.666666 0.0 -3440095 255.0
cadeira 673.0 395.8333 21.666666 21.666666 0.0 -3440095 255.0
cadeira 697.6666 395.8333 21.666666 21.666666 0.0 -3440095 255.0
cadeira 722.3333 395.8333 21.666666 21.666666 0.0 -3440095 255.0
cadeira 453.33334 199.99998 21.666666 21.666666 0.0 -3440095 255.0
cadeira 428.66666 199.99998 21.666666 21.666666 0.0 -3440095 255.0
cadeira 404.0 199.99998 21.666666 21.666666 0.0 -3440095 255.0
cadeira 379.33334 199.99998 21.666666 21.666666 0.0 -3440095 255.0
cadeira 354.6667 199.99998 21.666666 21.666666 0.0 -3440095 255.0
cadeira 330.0 199.99998 21.666666 21.666666 0.0 -3440095 255.0
cadeira 305.33334 199.99998 21.666666 21.666666 0.0 -3440095 255.0
cadeira 280.6667 199.99998 21.666666 21.666666 0.0 -3440095 255.0
cadeira 256.0 199.99998 21.666666 21.666666 0.0 -3440095 255.0
cadeira 453.33334 239.16666 21.666666 21.666666 0.0 -3440095 255.0
cadeira 428.66666 239.16666 21.666666 21.666666 0.0 -3440095 255.0
cadeira 404.0 239.16666 21.666666 21.666666 0.0 -3440095 255.0
cadeira 379.33334 239.16666 21.666666 21.666666 0.0 -3440095 255.0
cadeira 354.6667 239.16666 21.666666 21.666666 0.0 -3440095 255.0
cadeira 330.0 239.16666 21.666666 21.666666 0.0 -3440095 255.0
cadeira 305.33334 239.16666 21.666666 21.666666 0.0 -3440095 255.0
cadeira 280.6667 239.16666 21.666666 21.666666 0.0 -3440095 255.0
cadeira 256.0 239.16666 21.666666 21.666666 0.0 -3440095 255.0
cadeira 453.33334 278.3333 21.666666 21.666666 0.0 -3440095 255.0
cadeira 428.66666 278.3333 21.666666 21.666666 0.0 -3440095 255.0
cadeira 404.0 278.3333 21.666666 21.666666 0.0 -3440095 255.0
cadeira 379.33334 278.3333 21.666666 21.666666 0.0 -3440095 255.0
cadeira 354.6667 278.3333 21.666666 21.666666 0.0 -3440095 255.0
cadeira 330.0 278.3333 21.666666 21.666666 0.0 -3440095 255.0
cadeira 305.33334 278.3333 21.666666 21.666666 0.0 -3440095 255.0
cadeira 280.6667 278.3333 21.666666 21.666666 0.0 -3440095 255.0
cadeira 256.0 278.3333 21.666666 21.666666 0.0 -3440095 255.0
cadeira 453.33334 317.49997 21.666666 21.666666 0.0 -3440095 255.0
cadeira 428.66666 317.49997 21.666666 21.666666 0.0 -3440095 255.0
cadeira 404.0 317.49997 21.666666 21.666666 0.0 -3440095 255.0
cadeira 379.33334 317.49997 21.666666 21.666666 0.0 -3440095 255.0
cadeira 354.6667 317.49997 21.666666 21.666666 0.0 -3440095 255.0
cadeira 330.0 317.49997 21.666666 21.666666 0.0 -3440095 255.0
cadeira 305.33334 317.49997 21.666666 21.666666 0.0 -3440095 255.0
cadeira 280.6667 317.49997 21.666666 21.666666 0.0 -3440095 255.0
cadeira 256.0 317.49997 21.666666 21.666666 0.0 -3440095 255.0
cadeira 453.33334 356.66663 21.666666 21.666666 0.0 -3440095 255.0
cadeira 428.66666 356.66663 21.666666 21.666666 0.0 -3440095 255.0
cadeira 404.0 356.66663 21.666666 21.666666 0.0 -3440095 255.0
cadeira 379.33334 356.66663 21.666666 21.666666 0.0 -3440095 255.0
cadeira 354.6667 356.66663 21.666666 21.666666 0.0 -3440095 255.0
cadeira 330.0 356.66663 21.666666 21.666666 0.0 -3440095 255.0
cadeira 305.33334 356.66663 21.666666 21.666666 0.0 -3440095 255.0
cadeira 280.6667 356.66663 21.666666 21.666666 0.0 -3440095 255.0
cadeira 256.0 356.66663 21.666666 21.666666 0.0 -3440095 255.0
cadeira 453.33334 395.8333 21.666666 21.666666 0.0 -3440095 255.0
cadeira 428.66666 395.8333 21.666666 21.666666 0.0 -3440095 255.0
cadeira 404.0 395.8333 21.666666 21.666666 0.0 -3440095 255.0
cadeira 379.33334 395.8333 21.666666 21.666666 0.0 -3440095 255.0
cadeira 354.6667 395.8333 21.666666 21.666666 0.0 -3440095 255.0
cadeira 330.0 395.8333 21.666666 21.666666 0.0 -3440095 255.0
cadeira 305.33334 395.8333 21.666666 21.666666 0.0 -3440095 255.0
cadeira 280.6667 395.8333 21.666666 21.666666 0.0 -3440095 255.0
cadeira 256.0 395.8333 21.666666 21.666666 0.0 -3440095 255.0
cadeira 525.0 199.99998 21.666666 21.666666 0.0 -3440095 255.0
cadeira 549.6667 199.99998 21.666666 21.666666 0.0 -3440095 255.0
cadeira 574.3333 199.99998 21.666666 21.666666 0.0 -3440095 255.0
cadeira 599.0 199.99998 21.666666 21.666666 0.0 -3440095 255.0
cadeira 623.6667 199.99998 21.666666 21.666666 0.0 -3440095 255.0
cadeira 648.3333 199.99998 21.666666 21.666666 0.0 -3440095 255.0
cadeira 673.0 199.99998 21.666666 21.666666 0.0 -3440095 255.0
cadeira 697.6666 199.99998 21.666666 21.666666 0.0 -3440095 255.0
cadeira 722.3333 199.99998 21.666666 21.666666 0.0 -3440095 255.0
cadeira 525.0 239.16666 21.666666 21.666666 0.0 -3440095 255.0
cadeira 549.6667 239.16666 21.666666 21.666666 0.0 -3440095 255.0
cadeira 574.3333 239.16666 21.666666 21.666666 0.0 -3440095 255.0
cadeira 599.0 239.16666 21.666666 21.666666 0.0 -3440095 255.0
cadeira 623.6667 239.16666 21.666666 21.666666 0.0 -3440095 255.0
cadeira 648.3333 239.16666 21.666666 21.666666 0.0 -3440095 255.0
cadeira 673.0 239.16666 21.666666 21.666666 0.0 -3440095 255.0
cadeira 697.6666 239.16666 21.666666 21.666666 0.0 -3440095 255.0
cadeira 722.3333 239.16666 21.666666 21.666666 0.0 -3440095 255.0
cadeira 525.0 278.3333 21.666666 21.666666 0.0 -3440095 255.0
cadeira 549.6667 278.3333 21.666666 21.666666 0.0 -3440095 255.0
cadeira 574.3333 278.3333 21.666666 21.666666 0.0 -3440095 255.0
cadeira 599.0 278.3333 21.666666 21.666666 0.0 -3440095 255.0
cadeira 623.6667 278.3333 21.666666 21.666666 0.0 -3440095 255.0
cadeira 648.3333 278.3333 21.666666 21.666666 0.0 -3440095 255.0
cadeira 673.0 278.3333 21.666666 21.666666 0.0 -3440095 255.0
cadeira 697.6666 278.3333 21.666666 21.666666 0.0 -3440095 255.0
cadeira 722.3333 278.3333 21.666666 21.666666 0.0 -3440095 255.0
cadeira 525.0 317.49997 21.666666 21.666666 0.0 -3440095 255.0
cadeira 549.6667 317.49997 21.666666 21.666666 0.0 -3440095 255.0
cadeira 574.3333 317.49997 21.666666 21.666666 0.0 -3440095 255.0
cadeira 599.0 317.49997 21.666666 21.666666 0.0 -3440095 255.0
cadeira 623.6667 317.49997 21.666666 21.666666 0.0 -3440095 255.0
cadeira 648.3333 317.49997 21.666666 21.666666 0.0 -3440095 255.0
cadeira 673.0 317.49997 21.666666 21.666666 0.0 -3440095 255.0
cadeira 697.6666 317.49997 21.666666 21.666666 0.0 -3440095 255.0
cadeira 722.3333 317.49997 21.666666 21.666666 0.0 -3440095 255.0
cadeira 525.0 356.66663 21.666666 21.666666 0.0 -3440095 255.0
cadeira 549.6667 356.66663 21.666666 21.666666 0.0 -3440095 255.0
cadeira 574.3333 356.66663 21.666666 21.666666 0.0 -3440095 255.0
cadeira 599.0 356.66663 21.666666 21.666666 0.0 -3440095 255.0
cadeira 623.6667 356.66663 21.666666 21.666666 0.0 -3440095 255.0
cadeira 648.3333 356.66663 21.666666 21.666666 0.0 -3440095 255.0
cadeira 673.0 356.66663 21.666666 21.666666 0.0 -3440095 255.0
cadeira 697.6666 356.66663 21.666666 21.666666 0.0 -3440095 255.0
cadeira 722.3333 356.66663 21.666666 21.666666 0.0 -3440095 255.0
cadeira 525.0 395.8333 21.666666 21.666666 0.0 -3440095 255.0
cadeira 549.6667 395.8333 21.666666 21.666666 0.0 -3440095 255.0
cadeira 574.3333 395.8333 21.666666 21.666666 0.0 -3440095 255.0
cadeira 599.0 395.8333 21.666666 21.666666 0.0 -3440095 255.0
cadeira 623.6667 395.8333 21.666666 21.666666 0.0 -3440095 255.0
cadeira 648.3333 395.8333 21.666666 21.666666 0.0 -3440095 255.0
cadeira 673.0 395.8333 21.666666 21.666666 0.0 -3440095 255.0
cadeira 697.6666 395.8333 21.666666 21.666666 0.0 -3440095 255.0
cadeira 722.3333 395.8333 21.666666 21.666666 0.0 -3440095 255.0
cadeira 453.33334 199.99998 21.666666 21.666666 0.0 -3440095 255.0
cadeira 428.66666 199.99998 21.666666 21.666666 0.0 -3440095 255.0
cadeira 404.0 199.99998 21.666666 21.666666 0.0 -3440095 255.0
cadeira 379.33334 199.99998 21.666666 21.666666 0.0 -3440095 255.0
cadeira 354.6667 199.99998 21.666666 21.666666 0.0 -3440095 255.0
cadeira 330.0 199.99998 21.666666 21.666666 0.0 -3440095 255.0
cadeira 305.33334 199.99998 21.666666 21.666666 0.0 -3440095 255.0
cadeira 280.6667 199.99998 21.666666 21.666666 0.0 -3440095 255.0
cadeira 256.0 199.99998 21.666666 21.666666 0.0 -3440095 255.0
cadeira 453.33334 239.16666 21.666666 21.666666 0.0 -3440095 255.0
cadeira 428.66666 239.16666 21.666666 21.666666 0.0 -3440095 255.0
cadeira 404.0 239.16666 21.666666 21.666666 0.0 -3440095 255.0
cadeira 379.33334 239.16666 21.666666 21.666666 0.0 -3440095 255.0
cadeira 354.6667 239.16666 21.666666 21.666666 0.0 -3440095 255.0
cadeira 330.0 239.16666 21.666666 21.666666 0.0 -3440095 255.0
cadeira 305.33334 239.16666 21.666666 21.666666 0.0 -3440095 255.0
cadeira 280.6667 239.16666 21.666666 21.666666 0.0 -3440095 255.0
cadeira 256.0 239.16666 21.666666 21.666666 0.0 -3440095 255.0
cadeira 453.33334 278.3333 21.666666 21.666666 0.0 -3440095 255.0
cadeira 428.66666 278.3333 21.666666 21.666666 0.0 -3440095 255.0
cadeira 404.0 278.3333 21.666666 21.666666 0.0 -3440095 255.0
cadeira 379.33334 278.3333 21.666666 21.666666 0.0 -3440095 255.0
cadeira 354.6667 278.3333 21.666666 21.666666 0.0 -3440095 255.0
cadeira 330.0 278.3333 21.666666 21.666666 0.0 -3440095 255.0
cadeira 305.33334 278.3333 21.666666 21.666666 0.0 -3440095 255.0
cadeira 280.6667 278.3333 21.666666 21.666666 0.0 -3440095 255.0
cadeira 256.0 278.3333 21.666666 21.666666 0.0 -3440095 255.0
cadeira 453.33334 317.49997 21.666666 21.666666 0.0 -3440095 255.0
cadeira 428.66666 317.49997 21.666666 21.666666 0.0 -3440095 255.0
cadeira 404.0 317.49997 21.666666 21.666666 0.0 -3440095 255.0
cadeira 379.33334 317.49997 21.666666 21.666666 0.0 -3440095 255.0
cadeira 354.6667 317.49997 21.666666 21.666666 0.0 -3440095 255.0
cadeira 330.0 317.49997 21.666666 21.666666 0.0 -3440095 255.0
cadeira 305.33334 317.49997 21.666666 21.666666 0.0 -3440095 255.0
cadeira 280.6667 317.49997 21.666666 21.666666 0.0 -3440095 255.0
cadeira 256.0 317.49997 21.666666 21.666666 0.0 -3440095 255.0
cadeira 453.33334 356.66663 21.666666 21.666666 0.0 -3440095 255.0
cadeira 428.66666 356.66663 21.666666 21.666666 0.0 -3440095 255.0
cadeira 404.0 356.66663 21.666666 21.666666 0.0 -3440095 255.0
cadeira 379.33334 356.66663 21.666666 21.666666 0.0 -3440095 255.0
cadeira 354.6667 356.66663 21.666666 21.666666 0.0 -3440095 255.0
cadeira 330.0 356.66663 21.666666 21.666666 0.0 -3440095 255.0
cadeira 305.33334 356.66663 21.666666 21.666666 0.0 -3440095 255.0
cadeira 280.6667 356.66663 21.666666 21.666666 0.0 -3440095 255.0
cadeira 256.0 356.66663 21.666666 21.666666 0.0 -3440095 255.0
cadeira 453.33334 395.8333 21.666666 21.666666 0.0 -3440095 255.0
cadeira 428.66666 395.8333 21.666666 21.666666 0.0 -3440095 255.0
cadeira 404.0 395.8333 21.666666 21.666666 0.0 -3440095 255.0
cadeira 379.33334 395.8333 21.666666 21.666666 0.0 -3440095 255.0
cadeira 354.6667 395.8333 21.666666 21.666666 0.0 -3440095 255.0
cadeira 330.0 395.8333 21.666666 21.666666 0.0 -3440095 255.0
cadeira 305.33334 395.8333 21.666666 21.666666 0.0 -3440095 255.0
cadeira 280.6667 395.8333 21.666666 21.666666 0.0 -3440095 255.0
cadeira 256.0 395.8333 21.666666 21.666666 0.0 -3440095 255.0
cadeira 525.0 199.99998 21.666666 21.666666 0.0 -3440095 255.0
cadeira 549.6667 199.99998 21.666666 21.666666 0.0 -3440095 255.0
cadeira 574.3333 199.99998 21.666666 21.666666 0.0 -3440095 255.0
cadeira 599.0 199.99998 21.666666 21.666666 0.0 -3440095 255.0
cadeira 623.6667 199.99998 21.666666 21.666666 0.0 -3440095 255.0
cadeira 648.3333 199.99998 21.666666 21.666666 0.0 -3440095 255.0
cadeira 673.0 199.99998 21.666666 21.666666 0.0 -3440095 255.0
cadeira 697.6666 199.99998 21.666666 21.666666 0.0 -3440095 255.0
cadeira 722.3333 199.99998 21.666666 21.666666 0.0 -3440095 255.0
cadeira 525.0 239.16666 21.666666 21.666666 0.0 -3440095 255.0
cadeira 549.6667 239.16666 21.666666 21.666666 0.0 -3440095 255.0
cadeira 574.3333 239.16666 21.666666 21.666666 0.0 -3440095 255.0
cadeira 599.0 239.16666 21.666666 21.666666 0.0 -3440095 255.0
cadeira 623.6667 239.16666 21.666666 21.666666 0.0 -3440095 255.0
cadeira 648.3333 239.16666 21.666666 21.666666 0.0 -3440095 255.0
cadeira 673.0 239.16666 21.666666 21.666666 0.0 -3440095 255.0
cadeira 697.6666 239.16666 21.666666 21.666666 0.0 -3440095 255.0
cadeira 722.3333 239.16666 21.666666 21.666666 0.0 -3440095 255.0
cadeira 525.0 278.3333 21.666666 21.666666 0.0 -3440095 255.0
cadeira 549.6667 278.3333 21.666666 21.666666 0.0 -3440095 255.0
cadeira 574.3333 278.3333 21.666666 21.666666 0.0 -3440095 255.0
cadeira 599.0 278.3333 21.666666 21.666666 0.0 -3440095 255.0
cadeira 623.6667 278.3333 21.666666 21.666666 0.0 -3440095 255.0
cadeira 648.3333 278.3333 21.666666 21.666666 0.0 -3440095 255.0
cadeira 673.0 278.3333 21.666666 21.666666 0.0 -3440095 255.0
cadeira 697.6666 278.3333 21.666666 21.666666 0.0 -3440095 255.0
cadeira 722.3333 278.3333 21.666666 21.666666 0.0 -3440095 255.0
cadeira 525.0 317.49997 21.666666 21.666666 0.0 -3440095 255.0
cadeira 549.6667 317.49997 21.666666 21.666666 0.0 -3440095 255.0
cadeira 574.3333 317.49997 21.666666 21.666666 0.0 -3440095 255.0
cadeira 599.0 317.49997 21.666666 21.666666 0.0 -3440095 255.0
cadeira 623.6667 317.49997 21.666666 21.666666 0.0 -3440095 255.0
cadeira 648.3333 317.49997 21.666666 21.666666 0.0 -3440095 255.0
cadeira 673.0 317.49997 21.666666 21.666666 0.0 -3440095 255.0
cadeira 697.6666 317.49997 21.666666 21.666666 0.0 -3440095 255.0
cadeira 722.3333 317.49997 21.666666 21.666666 0.0 -3440095 255.0
cadeira 525.0 356.66663 21.666666 21.666666 0.0 -3440095 255.0
cadeira 549.6667 356.66663 21.666666 21.666666 0.0 -3440095 255.0
cadeira 574.3333 356.66663 21.666666 21.666666 0.0 -3440095 255.0
cadeira 599.0 356.66663 21.666666 21.666666 0.0 -3440095 255.0
cadeira 623.6667 356.66663 21.666666 21.666666 0.0 -3440095 255.0
cadeira 648.3333 356.66663 21.666666 21.666666 0.0 -3440095 255.0
cadeira 673.0 356.66663 21.666666 21.666666 0.0 -3440095 255.0
cadeira 697.6666 356.66663 21.666666 21.666666 0.0 -3440095 255.0
cadeira 722.3333 356.66663 21.666666 21.666666 0.0 -3440095 255.0
cadeira 525.0 395.8333 21.666666 21.666666 0.0 -3440095 255.0
cadeira 549.6667 395.8333 21.666666 21.666666 0.0 -3440095 255.0
cadeira 574.3333 395.8333 21.666666 21.666666 0.0 -3440095 255.0
cadeira 599.0 395.8333 21.666666 21.666666 0.0 -3440095 255.0
cadeira 623.6667 395.8333 21.666666 21.666666 0.0 -3440095 255.0
cadeira 648.3333 395.8333 21.666666 21.666666 0.0 -3440095 255.0
cadeira 673.0 395.8333 21.666666 21.666666 0.0 -3440095 255.0
cadeira 697.6666 395.8333 21.666666 21.666666 0.0 -3440095 255.0
cadeira 722.3333 395.8333 21.666666 21.666666 0.0 -3440095 255.0
cadeira 453.33334 199.99998 21.666666 21.666666 0.0 -3440095 255.0
cadeira 428.66666 199.99998 21.666666 21.666666 0.0 -3440095 255.0
cadeira 404.0 199.99998 21.666666 21.666666 0.0 -3440095 255.0
cadeira 379.33334 199.99998 21.666666 21.666666 0.0 -3440095 255.0
cadeira 354.6667 199.99998 21.666666 21.666666 0.0 -3440095 255.0
cadeira 330.0 199.99998 21.666666 21.666666 0.0 -3440095 255.0
cadeira 305.33334 199.99998 21.666666 21.666666 0.0 -3440095 255.0
cadeira 280.6667 199.99998 21.666666 21.666666 0.0 -3440095 255.0
cadeira 256.0 199.99998 21.666666 21.666666 0.0 -3440095 255.0
cadeira 453.33334 239.16666 21.666666 21.666666 0.0 -3440095 255.0
cadeira 428.66666 239.16666 21.666666 21.666666 0.0 -3440095 255.0
cadeira 404.0 239.16666 21.666666 21.666666 0.0 -3440095 255.0
cadeira 379.33334 239.16666 21.666666 21.666666 0.0 -3440095 255.0
cadeira 354.6667 239.16666 21.666666 21.666666 0.0 -3440095 255.0
cadeira 330.0 239.16666 21.666666 21.666666 0.0 -3440095 255.0
cadeira 305.33334 239.16666 21.666666 21.666666 0.0 -3440095 255.0
cadeira 280.6667 239.16666 21.666666 21.666666 0.0 -3440095 255.0
cadeira 256.0 239.16666 21.666666 21.666666 0.0 -3440095 255.0
cadeira 453.33334 278.3333 21.666666 21.666666 0.0 -3440095 255.0
cadeira 428.66666 278.3333 21.666666 21.666666 0.0 -3440095 255.0
cadeira 404.0 278.3333 21.666666 21.666666 0.0 -3440095 255.0
cadeira 379.33334 278.3333 21.666666 21.666666 0.0 -3440095 255.0
cadeira 354.6667 278.3333 21.666666 21.666666 0.0 -3440095 255.0
cadeira 330.0 278.3333 21.666666 21.666666 0.0 -3440095 255.0
cadeira 305.33334 278.3333 21.666666 21.666666 0.0 -3440095 255.0
cadeira 280.6667 278.3333 21.666666 21.666666 0.0 -3440095 255.0
cadeira 256.0 278.3333 21.666666 21.666666 0.0 -3440095 255.0
cadeira 453.33334 317.49997 21.666666 21.666666 0.0 -3440095 255.0
cadeira 428.66666 317.49997 21.666666 21.666666 0.0 -3440095 255.0
cadeira 404.0 317.49997 21.666666 21.666666 0.0 -3440095 255.0
cadeira 379.33334 317.49997 21.666666 21.666666 0.0 -3440095 255.0
cadeira 354.6667 317.49997 21.666666 21.666666 0.0 -3440095 255.0
cadeira 330.0 317.49997 21.666666 21.666666 0.0 -3440095 255.0
cadeira 305.33334 317.49997 21.666666 21.666666 0.0 -3440095 255.0
cadeira 280.6667 317.49997 21.666666 21.666666 0.0 -3440095 255.0
cadeira 256.0 317.49997 21.666666 21.666666 0.0 -3440095 255.0
cadeira 453.33334 356.66663 21.666666 21.666666 0.0 -3440095 255.0
cadeira 428.66666 356.66663 21.666666 21.666666 0.0 -3440095 255.0
cadeira 404.0 356.66663 21.666666 21.666666 0.0 -3440095 255.0
cadeira 379.33334 356.66663 21.666666 21.666666 0.0 -3440095 255.0
cadeira 354.6667 356.66663 21.666666 21.666666 0.0 -3440095 255.0
cadeira 330.0 356.66663 21.666666 21.666666 0.0 -3440095 255.0
cadeira 305.33334 356.66663 21.666666 21.666666 0.0 -3440095 255.0
cadeira 280.6667 356.66663 21.666666 21.666666 0.0 -3440095 255.0
cadeira 256.0 356.66663 21.666666 21.666666 0.0 -3440095 255.0
cadeira 453.33334 395.8333 21.666666 21.666666 0.0 -3440095 255.0
cadeira 428.66666 395.8333 21.666666 21.666666 0.0 -3440095 255.0
cadeira 404.0 395.8333 21.666666 21.666666 0.0 -3440095 255.0
cadeira 379.33334 395.8333 21.666666 21.666666 0.0 -3440095 255.0
cadeira 354.6667 395.8333 21.666666 21.666666 0.0 -3440095 255.0
cadeira 330.0 395.8333 21.666666 21.666666 0.0 -3440095 255.0
cadeira 305.33334 395.8333 21.666666 21.666666 0.0 -3440095 255.0
cadeira 280.6667 395.8333 21.666666 21.666666 0.0 -3440095 255.0
cadeira 256.0 395.8333 21.666666 21.666666 0.0 -3440095 255.0
cadeira 525.0 199.99998 21.666666 21.666666 0.0 -3440095 255.0
cadeira 549.6667 199.99998 21.666666 21.666666 0.0 -3440095 255.0
cadeira 574.3333 199.99998 21.666666 21.666666 0.0 -3440095 255.0
cadeira 599.0 199.99998 21.666666 21.666666 0.0 -3440095 255.0
cadeira 623.6667 199.99998 21.666666 21.666666 0.0 -3440095 255.0
cadeira 648.3333 199.99998 21.666666 21.666666 0.0 -3440095 255.0
cadeira 673.0 199.99998 21.666666 21.666666 0.0 -3440095 255.0
cadeira 697.6666 199.99998 21.666666 21.666666 0.0 -3440095 255.0
cadeira 722.3333 199.99998 21.666666 21.666666 0.0 -3440095 255.0
cadeira 525.0 239.16666 21.666666 21.666666 0.0 -3440095 255.0
cadeira 549.6667 239.16666 21.666666 21.666666 0.0 -3440095 255.0
cadeira 574.3333 239.16666 21.666666 21.666666 0.0 -3440095 255.0
cadeira 599.0 239.16666 21.666666 21.666666 0.0 -3440095 255.0
cadeira 623.6667 239.16666 21.666666 21.666666 0.0 -3440095 255.0
cadeira 648.3333 239.16666 21.666666 21.666666 0.0 -3440095 255.0
cadeira 673.0 239.16666 21.666666 21.666666 0.0 -3440095 255.0
cadeira 697.6666 239.16666 21.666666 21.666666 0.0 -3440095 255.0
cadeira 722.3333 239.16666 21.666666 21.666666 0.0 -3440095 255.0
cadeira 525.0 278.3333 21.666666 21.666666 0.0 -3440095 255.0
cadeira 549.6667 278.3333 21.666666 21.666666 0.0 -3440095 255.0
cadeira 574.3333 278.3333 21.666666 21.666666 0.0 -3440095 255.0
cadeira 599.0 278.3333 21.666666 21.666666 0.0 -3440095 255.0
cadeira 623.6667 278.3333 21.666666 21.666666 0.0 -3440095 255.0
cadeira 648.3333 278.3333 21.666666 21.666666 0.0 -3440095 255.0
cadeira 673.0 278.3333 21.666666 21.666666 0.0 -3440095 255.0
cadeira 697.6666 278.3333 21.666666 21.666666 0.0 -3440095 255.0
cadeira 722.3333 278.3333 21.666666 21.666666 0.0 -3440095 255.0
cadeira 525.0 317.49997 21.666666 21.666666 0.0 -3440095 255.0
cadeira 549.6667 317.49997 21.666666 21.666666 0.0 -3440095 255.0
cadeira 574.3333 317.49997 21.666666 21.666666 0.0 -3440095 255.0
cadeira 599.0 317.49997 21.666666 21.666666 0.0 -3440095 255.0
cadeira 623.6667 317.49997 21.666666 21.666666 0.0 -3440095 255.0
cadeira 648.3333 317.49997 21.666666 21.666666 0.0 -3440095 255.0
cadeira 673.0 317.49997 21.666666 21.666666 0.0 -3440095 255.0
cadeira 697.6666 317.49997 21.666666 21.666666 0.0 -3440095 255.0
cadeira 722.3333 317.49997 21.666666 21.666666 0.0 -3440095 255.0
cadeira 525.0 356.66663 21.666666 21.666666 0.0 -3440095 255.0
cadeira 549.6667 356.66663 21.666666 21.666666 0.0 -3440095 255.0
cadeira 574.3333 356.66663 21.666666 21.666666 0.0 -3440095 255.0
cadeira 599.0 356.66663 21.666666 21.666666 0.0 -3440095 255.0
cadeira 623.6667 356.66663 21.666666 21.666666 0.0 -3440095 255.0
cadeira 648.3333 356.66663 21.666666 21.666666 0.0 -3440095 255.0
cadeira 673.0 356.66663 21.666666 21.666666 0.0 -3440095 255.0
cadeira 697.6666 356.66663 21.666666 21.666666 0.0 -3440095 255.0
cadeira 722.3333 356.66663 21.666666 21.666666 0.0 -3440095 255.0
cadeira 525.0 395.8333 21.666666 21.666666 0.0 -3440095 255.0
cadeira 549.6667 395.8333 21.666666 21.666666 0.0 -3440095 255.0
cadeira 574.3333 395.8333 21.666666 21.666666 0.0 -3440095 255.0
cadeira 599.0 395.8333 21.666666 21.666666 0.0 -3440095 255.0
cadeira 623.6667 395.8333 21.666666 21.666666 0.0 -3440095 255.0
cadeira 648.3333 395.8333 21.666666 21.666666 0.0 -3440095 255.0
cadeira 673.0 395.8333 21.666666 21.666666 0.0 -3440095 255.0
cadeira 697.6666 395.8333 21.666666 21.666666 0.0 -3440095 255.0
cadeira 722.3333 395.8333 21.666666 21.666666 0.0 -3440095 255.0
cadeira 453.33334 199.99998 21.666666 21.666666 0.0 -3440095 255.0
cadeira 428.66666 199.99998 21.666666 21.666666 0.0 -3440095 255.0
cadeira 404.0 199.99998 21.666666 21.666666 0.0 -3440095 255.0
cadeira 379.33334 199.99998 21.666666 21.666666 0.0 -3440095 255.0
cadeira 354.6667 199.99998 21.666666 21.666666 0.0 -3440095 255.0
cadeira 330.0 199.99998 21.666666 21.666666 0.0 -3440095 255.0
cadeira 305.33334 199.99998 21.666666 21.666666 0.0 -3440095 255.0
cadeira 280.6667 199.99998 21.666666 21.666666 0.0 -3440095 255.0
cadeira 256.0 199.99998 21.666666 21.666666 0.0 -3440095 255.0
cadeira 453.33334 239.16666 21.666666 21.666666 0.0 -3440095 255.0
cadeira 428.66666 239.16666 21.666666 21.666666 0.0 -3440095 255.0
cadeira 404.0 239.16666 21.666666 21.666666 0.0 -3440095 255.0
cadeira 379.33334 239.16666 21.666666 21.666666 0.0 -3440095 255.0
cadeira 354.6667 239.16666 21.666666 21.666666 0.0 -3440095 255.0
cadeira 330.0 239.16666 21.666666 21.666666 0.0 -3440095 255.0
cadeira 305.33334 239.16666 21.666666 21.666666 0.0 -3440095 255.0
cadeira 280.6667 239.16666 21.666666 21.666666 0.0 -3440095 255.0
cadeira 256.0 239.16666 21.666666 21.666666 0.0 -3440095 255.0
cadeira 453.33334 278.3333 21.666666 21.666666 0.0 -3440095 255.0
cadeira 428.66666 278.3333 21.666666 21.666666 0.0 -3440095 255.0
cadeira 404.0 278.3333 21.666666 21.666666 0.0 -3440095 255.0
cadeira 379.33334 278.3333 21.666666 21.666666 0.0 -3440095 255.0
cadeira 354.6667 278.3333 21.666666 21.666666 0.0 -3440095 255.0
cadeira 330.0 278.3333 21.666666 21.666666 0.0 -3440095 255.0
cadeira 305.33334 278.3333 21.666666 21.666666 0.0 -3440095 255.0
cadeira 280.6667 278.3333 21.666666 21.666666 0.0 -3440095 255.0
cadeira 256.0 278.3333 21.666666 21.666666 0.0 -3440095 255.0
cadeira 453.33334 317.49997 21.666666 21.666666 0.0 -3440095 255.0
cadeira 428.66666 317.49997 21.666666 21.666666 0.0 -3440095 255.0
cadeira 404.0 317.49997 21.666666 21.666666 0.0 -3440095 255.0
cadeira 379.33334 317.49997 21.666666 21.666666 0.0 -3440095 255.0
cadeira 354.6667 317.49997 21.666666 21.666666 0.0 -3440095 255.0
cadeira 330.0 317.49997 21.666666 21.666666 0.0 -3440095 255.0
cadeira 305.33334 317.49997 21.666666 21.666666 0.0 -3440095 255.0
cadeira 280.6667 317.49997 21.666666 21.666666 0.0 -3440095 255.0
cadeira 256.0 317.49997 21.666666 21.666666 0.0 -3440095 255.0
cadeira 453.33334 356.66663 21.666666 21.666666 0.0 -3440095 255.0
cadeira 428.66666 356.66663 21.666666 21.666666 0.0 -3440095 255.0
cadeira 404.0 356.66663 21.666666 21.666666 0.0 -3440095 255.0
cadeira 379.33334 356.66663 21.666666 21.666666 0.0 -3440095 255.0
cadeira 354.6667 356.66663 21.666666 21.666666 0.0 -3440095 255.0
cadeira 330.0 356.66663 21.666666 21.666666 0.0 -3440095 255.0
cadeira 305.33334 356.66663 21.666666 21.666666 0.0 -3440095 255.0
cadeira 280.6667 356.66663 21.666666 21.666666 0.0 -3440095 255.0
cadeira 256.0 356.66663 21.666666 21.666666 0.0 -3440095 255.0
cadeira 453.33334 395.8333 21.666666 21.666666 0.0 -3440095 255.0
cadeira 428.66666 395.8333 21.666666 21.666666 0.0 -3440095 255.0
cadeira 404.0 395.8333 21.666666 21.666666 0.0 -3440095 255.0
cadeira 379.33334 395.8333 21.666666 21.666666 0.0 -3440095 255.0
cadeira 354.6667 395.8333 21.666666 21.666666 0.0 -3440095 255.0
cadeira 330.0 395.8333 21.666666 21.666666 0.0 -3440095 255.0
cadeira 305.33334 395.8333 21.666666 21.666666 0.0 -3440095 255.0
cadeira 280.6667 395.8333 21.666666 21.666666 0.0 -3440095 255.0
cadeira 256.0 395.8333 21.666666 21.666666 0.0 -3440095 255.0
cadeira 525.0 199.99998 21.666666 21.666666 0.0 -3440095 255.0
cadeira 549.6667 199.99998 21.666666 21.666666 0.0 -3440095 255.0
cadeira 574.3333 199.99998 21.666666 21.666666 0.0 -3440095 255.0
cadeira 599.0 199.99998 21.666666 21.666666 0.0 -3440095 255.0
cadeira 623.6667 199.99998 21.666666 21.666666 0.0 -3440095 255.0
cadeira 648.3333 199.99998 21.666666 21.666666 0.0 -3440095 255.0
cadeira 673.0 199.99998 21.666666 21.666666 0.0 -3440095 255.0
cadeira 697.6666 199.99998 21.666666 21.666666 0.0 -3440095 255.0
cadeira 722.3333 199.99998 21.666666 21.666666 0.0 -3440095 255.0
cadeira 525.0 239.16666 21.666666 21.666666 0.0 -3440095 255.0
cadeira 549.6667 239.16666 21.666666 21.666666 0.0 -3440095 255.0
cadeira 574.3333 239.16666 21.666666 21.666666 0.0 -3440095 255.0
cadeira 599.0 239.16666 21.666666 21.666666 0.0 -3440095 255.0
cadeira 623.6667 239.16666 21.666666 21.666666 0.0 -3440095 255.0
cadeira 648.3333 239.16666 21.666666 21.666666 0.0 -3440095 255.0
cadeira 673.0 239.16666 21.666666 21.666666 0.0 -3440095 255.0
cadeira 697.6666 239.16666 21.666666 21.666666 0.0 -3440095 255.0
cadeira 722.3333 239.16666 21.666666 21.666666 0.0 -3440095 255.0
cadeira 525.0 278.3333 21.666666 21.666666 0.0 -3440095 255.0
cadeira 549.6667 278.3333 21.666666 21.666666 0.0 -3440095 255.0
cadeira 574.3333 278.3333 21.666666 21.666666 0.0 -3440095 255.0
cadeira 599.0 278.3333 21.666666 21.666666 0.0 -3440095 255.0
cadeira 623.6667 278.3333 21.666666 21.666666 0.0 -3440095 255.0
cadeira 648.3333 278.3333 21.666666 21.666666 0.0 -3440095 255.0
cadeira 673.0 278.3333 21.666666 21.666666 0.0 -3440095 255.0
cadeira 697.6666 278.3333 21.666666 21.666666 0.0 -3440095 255.0
cadeira 722.3333 278.3333 21.666666 21.666666 0.0 -3440095 255.0
cadeira 525.0 317.49997 21.666666 21.666666 0.0 -3440095 255.0
cadeira 549.6667 317.49997 21.666666 21.666666 0.0 -3440095 255.0
cadeira 574.3333 317.49997 21.666666 21.666666 0.0 -3440095 255.0
cadeira 599.0 317.49997 21.666666 21.666666 0.0 -3440095 255.0
cadeira 623.6667 317.49997 21.666666 21.666666 0.0 -3440095 255.0
cadeira 648.3333 317.49997 21.666666 21.666666 0.0 -3440095 255.0
cadeira 673.0 317.49997 21.666666 21.666666 0.0 -3440095 255.0
cadeira 697.6666 317.49997 21.666666 21.666666 0.0 -3440095 255.0
cadeira 722.3333 317.49997 21.666666 21.666666 0.0 -3440095 255.0
cadeira 525.0 356.66663 21.666666 21.666666 0.0 -3440095 255.0
cadeira 549.6667 356.66663 21.666666 21.666666 0.0 -3440095 255.0
cadeira 574.3333 356.66663 21.666666 21.666666 0.0 -3440095 255.0
cadeira 599.0 356.66663 21.666666 21.666666 0.0 -3440095 255.0
cadeira 623.6667 356.66663 21.666666 21.666666 0.0 -3440095 255.0
cadeira 648.3333 356.66663 21.666666 21.666666 0.0 -3440095 255.0
cadeira 673.0 356.66663 21.666666 21.666666 0.0 -3440095 255.0
cadeira 697.6666 356.66663 21.666666 21.666666 0.0 -3440095 255.0
cadeira 722.3333 356.66663 21.666666 21.666666 0.0 -3440095 255.0
cadeira 525.0 395.8333 21.666666 21.666666 0.0 -3440095 255.0
cadeira 549.6667 395.8333 21.666666 21.666666 0.0 -3440095 255.0
cadeira 574.3333 395.8333 21.666666 21.666666 0.0 -3440095 255.0
cadeira 599.0 395.8333 21.666666 21.666666 0.0 -3440095 255.0
cadeira 623.6667 395.8333 21.666666 21.666666 0.0 -3440095 255.0
cadeira 648.3333 395.8333 21.666666 21.666666 0.0 -3440095 255.0
cadeira 673.0 395.8333 21.666666 21.666666 0.0 -3440095 255.0
cadeira 697.6666 395.8333 21.666666 21.666666 0.0 -3440095 255.0
cadeira 722.3333 395.8333 21.666666 21.666666 0.0 -3440095 255.0
cadeira 453.33334 199.99998 21.666666 21.666666 0.0 -3440095 255.0
cadeira 428.66666 199.99998 21.666666 21.666666 0.0 -3440095 255.0
cadeira 404.0 199.99998 21.666666 21.666666 0.0 -3440095 255.0
cadeira 379.33334 199.99998 21.666666 21.666666 0.0 -3440095 255.0
cadeira 354.6667 199.99998 21.666666 21.666666 0.0 -3440095 255.0
cadeira 330.0 199.99998 21.666666 21.666666 0.0 -3440095 255.0
cadeira 305.33334 199.99998 21.666666 21.666666 0.0 -3440095 255.0
cadeira 280.6667 199.99998 21.666666 21.666666 0.0 -3440095 255.0
cadeira 256.0 199.99998 21.666666 21.666666 0.0 -3440095 255.0
cadeira 453.33334 239.16666 21.666666 21.666666 0.0 -3440095 255.0
cadeira 428.66666 239.16666 21.666666 21.666666 0.0 -3440095 255.0
cadeira 404.0 239.16666 21.666666 21.666666 0.0 -3440095 255.0
cadeira 379.33334 239.16666 21.666666 21.666666 0.0 -3440095 255.0
cadeira 354.6667 239.16666 21.666666 21.666666 0.0 -3440095 255.0
cadeira 330.0 239.16666 21.666666 21.666666 0.0 -3440095 255.0
cadeira 305.33334 239.16666 21.666666 21.666666 0.0 -3440095 255.0
cadeira 280.6667 239.16666 21.666666 21.666666 0.0 -3440095 255.0
cadeira 256.0 239.16666 21.666666 21.666666 0.0 -3440095 255.0
cadeira 453.33334 278.3333 21.666666 21.666666 0.0 -3440095 255.0
cadeira 428.66666 278.3333 21.666666 21.666666 0.0 -3440095 255.0
cadeira 404.0 278.3333 21.666666 21.666666 0.0 -3440095 255.0
cadeira 379.33334 278.3333 21.666666 21.666666 0.0 -3440095 255.0
cadeira 354.6667 278.3333 21.666666 21.666666 0.0 -3440095 255.0
cadeira 330.0 278.3333 21.666666 21.666666 0.0 -3440095 255.0
cadeira 305.33334 278.3333 21.666666 21.666666 0.0 -3440095 255.0
cadeira 280.6667 278.3333 21.666666 21.666666 0.0 -3440095 255.0
cadeira 256.0 278.3333 21.666666 21.666666 0.0 -3440095 255.0
cadeira 453.33334 317.49997 21.666666 21.666666 0.0 -3440095 255.0
cadeira 428.66666 317.49997 21.666666 21.666666 0.0 -3440095 255.0
cadeira 404.0 317.49997 21.666666 21.666666 0.0 -3440095 255.0
cadeira 379.33334 317.49997 21.666666 21.666666 0.0 -3440095 255.0
cadeira 354.6667 317.49997 21.666666 21.666666 0.0 -3440095 255.0
cadeira 330.0 317.49997 21.666666 21.666666 0.0 -3440095 255.0
cadeira 305.33334 317.49997 21.666666 21.666666 0.0 -3440095 255.0
cadeira 280.6667 317.49997 21.666666 21.666666 0.0 -3440095 255.0
cadeira 256.0 317.49997 21.666666 21.666666 0.0 -3440095 255.0
cadeira 453.33334 356.66663 21.666666 21.666666 0.0 -3440095 255.0
cadeira 428.66666 356.66663 21.666666 21.666666 0.0 -3440095 255.0
cadeira 404.0 356.66663 21.666666 21.666666 0.0 -3440095 255.0
cadeira 379.33334 356.66663 21.666666 21.666666 0.0 -3440095 255.0
cadeira 354.6667 356.66663 21.666666 21.666666 0.0 -3440095 255.0
cadeira 330.0 356.66663 21.666666 21.666666 0.0 -3440095 255.0
cadeira 305.33334 356.66663 21.666666 21.666666 0.0 -3440095 255.0
cadeira 280.6667 356.66663 21.666666 21.666666 0.0 -3440095 255.0
cadeira 256.0 356.66663 21.666666 21.666666 0.0 -3440095 255.0
cadeira 453.33334 395.8333 21.666666 21.666666 0.0 -3440095 255.0
cadeira 428.66666 395.8333 21.666666 21.666666 0.0 -3440095 255.0
cadeira 404.0 395.8333 21.666666 21.666666 0.0 -3440095 255.0
cadeira 379.33334 395.8333 21.666666 21.666666 0.0 -3440095 255.0
cadeira 354.6667 395.8333 21.666666 21.666666 0.0 -3440095 255.0
cadeira 330.0 395.8333 21.666666 21.666666 0.0 -3440095 255.0
cadeira 305.33334 395.8333 21.666666 21.666666 0.0 -3440095 255.0
cadeira 280.6667 395.8333 21.666666 21.666666 0.0 -3440095 255.0
cadeira 256.0 395.8333 21.666666 21.666666 0.0 -3440095 255.0
cadeira 525.0 199.99998 21.666666 21.666666 0.0 -3440095 255.0
cadeira 549.6667 199.99998 21.666666 21.666666 0.0 -3440095 255.0
cadeira 574.3333 199.99998 21.666666 21.666666 0.0 -3440095 255.0
cadeira 599.0 199.99998 21.666666 21.666666 0.0 -3440095 255.0
cadeira 623.6667 199.99998 21.666666 21.666666 0.0 -3440095 255.0
cadeira 648.3333 199.99998 21.666666 21.666666 0.0 -3440095 255.0
cadeira 673.0 199.99998 21.666666 21.666666 0.0 -3440095 255.0
cadeira 697.6666 199.99998 21.666666 21.666666 0.0 -3440095 255.0
cadeira 722.3333 199.99998 21.666666 21.666666 0.0 -3440095 255.0
cadeira 525.0 239.16666 21.666666 21.666666 0.0 -3440095 255.0
cadeira 549.6667 239.16666 21.666666 21.666666 0.0 -3440095 255.0
cadeira 574.3333 239.16666 21.666666 21.666666 0.0 -3440095 255.0
cadeira 599.0 239.16666 21.666666 21.666666 0.0 -3440095 255.0
cadeira 623.6667 239.16666 21.666666 21.666666 0.0 -3440095 255.0
cadeira 648.3333 239.16666 21.666666 21.666666 0.0 -3440095 255.0
cadeira 673.0 239.16666 21.666666 21.666666 0.0 -3440095 255.0
cadeira 697.6666 239.16666 21.666666 21.666666 0.0 -3440095 255.0
cadeira 722.3333 239.16666 21.666666 21.666666 0.0 -3440095 255.0
cadeira 525.0 278.3333 21.666666 21.666666 0.0 -3440095 255.0
cadeira 549.6667 278.3333 21.666666 21.666666 0.0 -3440095 255.0
cadeira 574.3333 278.3333 21.666666 21.666666 0.0 -3440095 255.0
cadeira 599.0 278.3333 21.666666 21.666666 0.0 -3440095 255.0
cadeira 623.6667 278.3333 21.666666 21.666666 0.0 -3440095 255.0
cadeira 648.3333 278.3333 21.666666 21.666666 0.0 -3440095 255.0
cadeira 673.0 278.3333 21.666666 21.666666 0.0 -3440095 255.0
cadeira 697.6666 278.3333 21.666666 21.666666 0.0 -3440095 255.0
cadeira 722.3333 278.3333 21.666666 21.666666 0.0 -3440095 255.0
cadeira 525.0 317.49997 21.666666 21.666666 0.0 -3440095 255.0
cadeira 549.6667 317.49997 21.666666 21.666666 0.0 -3440095 255.0
cadeira 574.3333 317.49997 21.666666 21.666666 0.0 -3440095 255.0
cadeira 599.0 317.49997 21.666666 21.666666 0.0 -3440095 255.0
cadeira 623.6667 317.49997 21.666666 21.666666 0.0 -3440095 255.0
cadeira 648.3333 317.49997 21.666666 21.666666 0.0 -3440095 255.0
cadeira 673.0 317.49997 21.666666 21.666666 0.0 -3440095 255.0
cadeira 697.6666 317.49997 21.666666 21.666666 0.0 -3440095 255.0
cadeira 722.3333 317.49997 21.666666 21.666666 0.0 -3440095 255.0
cadeira 525.0 356.66663 21.666666 21.666666 0.0 -3440095 255.0
cadeira 549.6667 356.66663 21.666666 21.666666 0.0 -3440095 255.0
cadeira 574.3333 356.66663 21.666666 21.666666 0.0 -3440095 255.0
cadeira 599.0 356.66663 21.666666 21.666666 0.0 -3440095 255.0
cadeira 623.6667 356.66663 21.666666 21.666666 0.0 -3440095 255.0
cadeira 648.3333 356.66663 21.666666 21.666666 0.0 -3440095 255.0
cadeira 673.0 356.66663 21.666666 21.666666 0.0 -3440095 255.0
cadeira 697.6666 356.66663 21.666666 21.666666 0.0 -3440095 255.0
cadeira 722.3333 356.66663 21.666666 21.666666 0.0 -3440095 255.0
cadeira 525.0 395.8333 21.666666 21.666666 0.0 -3440095 255.0
cadeira 549.6667 395.8333 21.666666 21.666666 0.0 -3440095 255.0
cadeira 574.3333 395.8333 21.666666 21.666666 0.0 -3440095 255.0
cadeira 599.0 395.8333 21.666666 21.666666 0.0 -3440095 255.0
cadeira 623.6667 395.8333 21.666666 21.666666 0.0 -3440095 255.0
cadeira 648.3333 395.8333 21.666666 21.666666 0.0 -3440095 255.0
cadeira 673.0 395.8333 21.666666 21.666666 0.0 -3440095 255.0
cadeira 697.6666 395.8333 21.666666 21.666666 0.0 -3440095 255.0
cadeira 722.3333 395.8333 21.666666 21.666666 0.0 -3440095 255.0
cadeira 453.33334 199.99998 21.666666 21.666666 0.0 -3440095 255.0
cadeira 428.66666 199.99998 21.666666 21.666666 0.0 -3440095 255.0
cadeira 404.0 199.99998 21.666666 21.666666 0.0 -3440095 255.0
cadeira 379.33334 199.99998 21.666666 21.666666 0.0 -3440095 255.0
cadeira 354.6667 199.99998 21.666666 21.666666 0.0 -3440095 255.0
cadeira 330.0 199.99998 21.666666 21.666666 0.0 -3440095 255.0
cadeira 305.33334 199.99998 21.666666 21.666666 0.0 -3440095 255.0
cadeira 280.6667 199.99998 21.666666 21.666666 0.0 -3440095 255.0
cadeira 256.0 199.99998 21.666666 21.666666 0.0 -3440095 255.0
cadeira 453.33334 239.16666 21.666666 21.666666 0.0 -3440095 255.0
cadeira 428.66666 239.16666 21.666666 21.666666 0.0 -3440095 255.0
cadeira 404.0 239.16666 21.666666 21.666666 0.0 -3440095 255.0
cadeira 379.33334 239.16666 21.666666 21.666666 0.0 -3440095 255.0
cadeira 354.6667 239.16666 21.666666 21.666666 0.0 -3440095 255.0
cadeira 330.0 239.16666 21.666666 21.666666 0.0 -3440095 255.0
cadeira 305.33334 239.16666 21.666666 21.666666 0.0 -3440095 255.0
cadeira 280.6667 239.16666 21.666666 21.666666 0.0 -3440095 255.0
cadeira 256.0 239.16666 21.666666 21.666666 0.0 -3440095 255.0
cadeira 453.33334 278.3333 21.666666 21.666666 0.0 -3440095 255.0
cadeira 428.66666 278.3333 21.666666 21.666666 0.0 -3440095 255.0
cadeira 404.0 278.3333 21.666666 21.666666 0.0 -3440095 255.0
cadeira 379.33334 278.3333 21.666666 21.666666 0.0 -3440095 255.0
cadeira 354.6667 278.3333 21.666666 21.666666 0.0 -3440095 255.0
cadeira 330.0 278.3333 21.666666 21.666666 0.0 -3440095 255.0
cadeira 305.33334 278.3333 21.666666 21.666666 0.0 -3440095 255.0
cadeira 280.6667 278.3333 21.666666 21.666666 0.0 -3440095 255.0
cadeira 256.0 278.3333 21.666666 21.666666 0.0 -3440095 255.0
cadeira 453.33334 317.49997 21.666666 21.666666 0.0 -3440095 255.0
cadeira 428.66666 317.49997 21.666666 21.666666 0.0 -3440095 255.0
cadeira 404.0 317.49997 21.666666 21.666666 0.0 -3440095 255.0
cadeira 379.33334 317.49997 21.666666 21.666666 0.0 -3440095 255.0
cadeira 354.6667 317.49997 21.666666 21.666666 0.0 -3440095 255.0
cadeira 330.0 317.49997 21.666666 21.666666 0.0 -3440095 255.0
cadeira 305.33334 317.49997 21.666666 21.666666 0.0 -3440095 255.0
cadeira 280.6667 317.49997 21.666666 21.666666 0.0 -3440095 255.0
cadeira 256.0 317.49997 21.666666 21.666666 0.0 -3440095 255.0
cadeira 453.33334 356.66663 21.666666 21.666666 0.0 -3440095 255.0
cadeira 428.66666 356.66663 21.666666 21.666666 0.0 -3440095 255.0
cadeira 404.0 356.66663 21.666666 21.666666 0.0 -3440095 255.0
cadeira 379.33334 356.66663 21.666666 21.666666 0.0 -3440095 255.0
cadeira 354.6667 356.66663 21.666666 21.666666 0.0 -3440095 255.0
cadeira 330.0 356.66663 21.666666 21.666666 0.0 -3440095 255.0
cadeira 305.33334 356.66663 21.666666 21.666666 0.0 -3440095 255.0
cadeira 280.6667 356.66663 21.666666 21.666666 0.0 -3440095 255.0
cadeira 256.0 356.66663 21.666666 21.666666 0.0 -3440095 255.0
cadeira 453.33334 395.8333 21.666666 21.666666 0.0 -3440095 255.0
cadeira 428.66666 395.8333 21.666666 21.666666 0.0 -3440095 255.0
cadeira 404.0 395.8333 21.666666 21.666666 0.0 -3440095 255.0
cadeira 379.33334 395.8333 21.666666 21.666666 0.0 -3440095 255.0
cadeira 354.6667 395.8333 21.666666 21.666666 0.0 -3440095 255.0
cadeira 330.0 395.8333 21.666666 21.666666 0.0 -3440095 255.0
cadeira 305.33334 395.8333 21.666666 21.666666 0.0 -3440095 255.0
cadeira 280.6667 395.8333 21.666666 21.666666 0.0 -3440095 255.0
cadeira 256.0 395.8333 21.666666 21.666666 0.0 -3440095 255.0
cadeira 525.0 199.99998 21.666666 21.666666 0.0 -3440095 255.0
cadeira 549.6667 199.99998 21.666666 21.666666 0.0 -3440095 255.0
cadeira 574.3333 199.99998 21.666666 21.666666 0.0 -3440095 255.0
cadeira 599.0 199.99998 21.666666 21.666666 0.0 -3440095 255.0
cadeira 623.6667 199.99998 21.666666 21.666666 0.0 -3440095 255.0
cadeira 648.3333 199.99998 21.666666 21.666666 0.0 -3440095 255.0
cadeira 673.0 199.99998 21.666666 21.666666 0.0 -3440095 255.0
cadeira 697.6666 199.99998 21.666666 21.666666 0.0 -3440095 255.0
cadeira 722.3333 199.99998 21.666666 21.666666 0.0 -3440095 255.0
cadeira 525.0 239.16666 21.666666 21.666666 0.0 -3440095 255.0
cadeira 549.6667 239.16666 21.666666 21.666666 0.0 -3440095 255.0
cadeira 574.3333 239.16666 21.666666 21.666666 0.0 -3440095 255.0
cadeira 599.0 239.16666 21.666666 21.666666 0.0 -3440095 255.0
cadeira 623.6667 239.16666 21.666666 21.666666 0.0 -3440095 255.0
cadeira 648.3333 239.16666 21.666666 21.666666 0.0 -3440095 255.0
cadeira 673.0 239.16666 21.666666 21.666666 0.0 -3440095 255.0
cadeira 697.6666 239.16666 21.666666 21.666666 0.0 -3440095 255.0
cadeira 722.3333 239.16666 21.666666 21.666666 0.0 -3440095 255.0
cadeira 525.0 278.3333 21.666666 21.666666 0.0 -3440095 255.0
cadeira 549.6667 278.3333 21.666666 21.666666 0.0 -3440095 255.0
cadeira 574.3333 278.3333 21.666666 21.666666 0.0 -3440095 255.0
cadeira 599.0 278.3333 21.666666 21.666666 0.0 -3440095 255.0
cadeira 623.6667 278.3333 21.666666 21.666666 0.0 -3440095 255.0
cadeira 648.3333 278.3333 21.666666 21.666666 0.0 -3440095 255.0
cadeira 673.0 278.3333 21.666666 21.666666 0.0 -3440095 255.0
cadeira 697.6666 278.3333 21.666666 21.666666 0.0 -3440095 255.0
cadeira 722.3333 278.3333 21.666666 21.666666 0.0 -3440095 255.0
cadeira 525.0 317.49997 21.666666 21.666666 0.0 -3440095 255.0
cadeira 549.6667 317.49997 21.666666 21.666666 0.0 -3440095 255.0
cadeira 574.3333 317.49997 21.666666 21.666666 0.0 -3440095 255.0
cadeira 599.0 317.49997 21.666666 21.666666 0.0 -3440095 255.0
cadeira 623.6667 317.49997 21.666666 21.666666 0.0 -3440095 255.0
cadeira 648.3333 317.49997 21.666666 21.666666 0.0 -3440095 255.0
cadeira 673.0 317.49997 21.666666 21.666666 0.0 -3440095 255.0
cadeira 697.6666 317.49997 21.666666 21.666666 0.0 -3440095 255.0
cadeira 722.3333 317.49997 21.666666 21.666666 0.0 -3440095 255.0
cadeira 525.0 356.66663 21.666666 21.666666 0.0 -3440095 255.0
cadeira 549.6667 356.66663 21.666666 21.666666 0.0 -3440095 255.0
cadeira 574.3333 356.66663 21.666666 21.666666 0.0 -3440095 255.0
cadeira 599.0 356.66663 21.666666 21.666666 0.0 -3440095 255.0
cadeira 623.6667 356.66663 21.666666 21.666666 0.0 -3440095 255.0
cadeira 648.3333 356.66663 21.666666 21.666666 0.0 -3440095 255.0
cadeira 673.0 356.66663 21.666666 21.666666 0.0 -3440095 255.0
cadeira 697.6666 356.66663 21.666666 21.666666 0.0 -3440095 255.0
cadeira 722.3333 356.66663 21.666666 21.666666 0.0 -3440095 255.0
cadeira 525.0 395.8333 21.666666 21.666666 0.0 -3440095 255.0
cadeira 549.6667 395.8333 21.666666 21.666666 0.0 -3440095 255.0
cadeira 574.3333 395.8333 21.666666 21.666666 0.0 -3440095 255.0
cadeira 599.0 395.8333 21.666666 21.666666 0.0 -3440095 255.0
cadeira 623.6667 395.8333 21.666666 21.666666 0.0 -3440095 255.0
cadeira 648.3333 395.8333 21.666666 21.666666 0.0 -3440095 255.0
cadeira 673.0 395.8333 21.666666 21.666666 0.0 -3440095 255.0
cadeira 697.6666 395.8333 21.666666 21.666666 0.0 -3440095 255.0
cadeira 722.3333 395.8333 21.666666 21.666666 0.0 -3440095 255.0
cadeira 453.33334 199.99998 21.666666 21.666666 0.0 -3440095 255.0
cadeira 428.66666 199.99998 21.666666 21.666666 0.0 -3440095 255.0
cadeira 404.0 199.99998 21.666666 21.666666 0.0 -3440095 255.0
cadeira 379.33334 199.99998 21.666666 21.666666 0.0 -3440095 255.0
cadeira 354.6667 199.99998 21.666666 21.666666 0.0 -3440095 255.0
cadeira 330.0 199.99998 21.666666 21.666666 0.0 -3440095 255.0
cadeira 305.33334 199.99998 21.666666 21.666666 0.0 -3440095 255.0
cadeira 280.6667 199.99998 21.666666 21.666666 0.0 -3440095 255.0
cadeira 256.0 199.99998 21.666666 21.666666 0.0 -3440095 255.0
cadeira 453.33334 239.16666 21.666666 21.666666 0.0 -3440095 255.0
cadeira 428.66666 239.16666 21.666666 21.666666 0.0 -3440095 255.0
cadeira 404.0 239.16666 21.666666 21.666666 0.0 -3440095 255.0
cadeira 379.33334 239.16666 21.666666 21.666666 0.0 -3440095 255.0
cadeira 354.6667 239.16666 21.666666 21.666666 0.0 -3440095 255.0
cadeira 330.0 239.16666 21.666666 21.666666 0.0 -3440095 255.0
cadeira 305.33334 239.16666 21.666666 21.666666 0.0 -3440095 255.0
cadeira 280.6667 239.16666 21.666666 21.666666 0.0 -3440095 255.0
cadeira 256.0 239.16666 21.666666 21.666666 0.0 -3440095 255.0
cadeira 453.33334 278.3333 21.666666 21.666666 0.0 -3440095 255.0
cadeira 428.66666 278.3333 21.666666 21.666666 0.0 -3440095 255.0
cadeira 404.0 278.3333 21.666666 21.666666 0.0 -3440095 255.0
cadeira 379.33334 278.3333 21.666666 21.666666 0.0 -3440095 255.0
cadeira 354.6667 278.3333 21.666666 21.666666 0.0 -3440095 255.0
cadeira 330.0 278.3333 21.666666 21.666666 0.0 -3440095 255.0
cadeira 305.33334 278.3333 21.666666 21.666666 0.0 -3440095 255.0
cadeira 280.6667 278.3333 21.666666 21.666666 0.0 -3440095 255.0
cadeira 256.0 278.3333 21.666666 21.666666 0.0 -3440095 255.0
cadeira 453.33334 317.49997 21.666666 21.666666 0.0 -3440095 255.0
cadeira 428.66666 317.49997 21.666666 21.666666 0.0 -3440095 255.0
cadeira 404.0 317.49997 21.666666 21.666666 0.0 -3440095 255.0
cadeira 379.33334 317.49997 21.666666 21.666666 0.0 -3440095 255.0
cadeira 354.6667 317.49997 21.666666 21.666666 0.0 -3440095 255.0
cadeira 330.0 317.49997 21.666666 21.666666 0.0 -3440095 255.0
cadeira 305.33334 317.49997 21.666666 21.666666 0.0 -3440095 255.0
cadeira 280.6667 317.49997 21.666666 21.666666 0.0 -3440095 255.0
cadeira 256.0 317.49997 21.666666 21.666666 0.0 -3440095 255.0
cadeira 453.33334 356.66663 21.666666 21.666666 0.0 -3440095 255.0
cadeira 428.66666 356.66663 21.666666 21.666666 0.0 -3440095 255.0
cadeira 404.0 356.66663 21.666666 21.666666 0.0 -3440095 255.0
cadeira 379.33334 356.66663 21.666666 21.666666 0.0 -3440095 255.0
cadeira 354.6667 356.66663 21.666666 21.666666 0.0 -3440095 255.0
cadeira 330.0 356.66663 21.666666 21.666666 0.0 -3440095 255.0
cadeira 305.33334 356.66663 21.666666 21.666666 0.0 -3440095 255.0
cadeira 280.6667 356.66663 21.666666 21.666666 0.0 -3440095 255.0
cadeira 256.0 356.66663 21.666666 21.666666 0.0 -3440095 255.0
cadeira 453.33334 395.8333 21.666666 21.666666 0.0 -3440095 255.0
cadeira 428.66666 395.8333 21.666666 21.666666 0.0 -3440095 255.0
cadeira 404.0 395.8333 21.666666 21.666666 0.0 -3440095 255.0
cadeira 379.33334 395.8333 21.666666 21.666666 0.0 -3440095 255.0
cadeira 354.6667 395.8333 21.666666 21.666666 0.0 -3440095 255.0
cadeira 330.0 395.8333 21.666666 21.666666 0.0 -3440095 255.0
cadeira 305.33334 395.8333 21.666666 21.666666 0.0 -3440095 255.0
cadeira 280.6667 395.8333 21.666666 21.666666 0.0 -3440095 255.0
cadeira 256.0 395.8333 21.666666 21.666666 0.0 -3440095 255.0
cadeira 525.0 199.99998 21.666666 21.666666 0.0 -3440095 255.0
cadeira 549.6667 199.99998 21.666666 21.666666 0.0 -3440095 255.0
cadeira 574.3333 199.99998 21.666666 21.666666 0.0 -3440095 255.0
cadeira 599.0 199.99998 21.666666 21.666666 0.0 -3440095 255.0
cadeira 623.6667 199.99998 21.666666 21.666666 0.0 -3440095 255.0
cadeira 648.3333 199.99998 21.666666 21.666666 0.0 -3440095 255.0
cadeira 673.0 199.99998 21.666666 21.666666 0.0 -3440095 255.0
cadeira 697.6666 199.99998 21.666666 21.666666 0.0 -3440095 255.0
cadeira 722.3333 199.99998 21.666666 21.666666 0.0 -3440095 255.0
cadeira 525.0 239.16666 21.666666 21.666666 0.0 -3440095 255.0
cadeira 549.6667 239.16666 21.666666 21.666666 0.0 -3440095 255.0
cadeira 574.3333 239.16666 21.666666 21.666666 0.0 -3440095 255.0
cadeira 599.0 239.16666 21.666666 21.666666 0.0 -3440095 255.0
cadeira 623.6667 239.16666 21.666666 21.666666 0.0 -3440095 255.0
cadeira 648.3333 239.16666 21.666666 21.666666 0.0 -3440095 255.0
cadeira 673.0 239.16666 21.666666 21.666666 0.0 -3440095 255.0
cadeira 697.6666 239.16666 21.666666 21.666666 0.0 -3440095 255.0
cadeira 722.3333 239.16666 21.666666 21.666666 0.0 -3440095 255.0
cadeira 525.0 278.3333 21.666666 21.666666 0.0 -3440095 255.0
cadeira 549.6667 278.3333 21.666666 21.666666 0.0 -3440095 255.0
cadeira 574.3333 278.3333 21.666666 21.666666 0.0 -3440095 255.0
cadeira 599.0 278.3333 21.666666 21.666666 0.0 -3440095 255.0
cadeira 623.6667 278.3333 21.666666 21.666666 0.0 -3440095 255.0
cadeira 648.3333 278.3333 21.666666 21.666666 0.0 -3440095 255.0
cadeira 673.0 278.3333 21.666666 21.666666 0.0 -3440095 255.0
cadeira 697.6666 278.3333 21.666666 21.666666 0.0 -3440095 255.0
cadeira 722.3333 278.3333 21.666666 21.666666 0.0 -3440095 255.0
cadeira 525.0 317.49997 21.666666 21.666666 0.0 -3440095 255.0
cadeira 549.6667 317.49997 21.666666 21.666666 0.0 -3440095 255.0
cadeira 574.3333 317.49997 21.666666 21.666666 0.0 -3440095 255.0
cadeira 599.0 317.49997 21.666666 21.666666 0.0 -3440095 255.0
cadeira 623.6667 317.49997 21.666666 21.666666 0.0 -3440095 255.0
cadeira 648.3333 317.49997 21.666666 21.666666 0.0 -3440095 255.0
cadeira 673.0 317.49997 21.666666 21.666666 0.0 -3440095 255.0
cadeira 697.6666 317.49997 21.666666 21.666666 0.0 -3440095 255.0
cadeira 722.3333 317.49997 21.666666 21.666666 0.0 -3440095 255.0
cadeira 525.0 356.66663 21.666666 21.666666 0.0 -3440095 255.0
cadeira 549.6667 356.66663 21.666666 21.666666 0.0 -3440095 255.0
cadeira 574.3333 356.66663 21.666666 21.666666 0.0 -3440095 255.0
cadeira 599.0 356.66663 21.666666 21.666666 0.0 -3440095 255.0
cadeira 623.6667 356.66663 21.666666 21.666666 0.0 -3440095 255.0
cadeira 648.3333 356.66663 21.666666 21.666666 0.0 -3440095 255.0
cadeira 673.0 356.66663 21.666666 21.666666 0.0 -3440095 255.0
cadeira 697.6666 356.66663 21.666666 21.666666 0.0 -3440095 255.0
cadeira 722.3333 356.66663 21.666666 21.666666 0.0 -3440095 255.0
cadeira 525.0 395.8333 21.666666 21.666666 0.0 -3440095 255.0
cadeira 549.6667 395.8333 21.666666 21.666666 0.0 -3440095 255.0
cadeira 574.3333 395.8333 21.666666 21.666666 0.0 -3440095 255.0
cadeira 599.0 395.8333 21.666666 21.666666 0.0 -3440095 255.0
cadeira 623.6667 395.8333 21.666666 21.666666 0.0 -3440095 255.0
cadeira 648.3333 395.8333 21.666666 21.666666 0.0 -3440095 255.0
cadeira 673.0 395.8333 21.666666 21.666666 0.0 -3440095 255.0
cadeira 697.6666 395.8333 21.666666 21.666666 0.0 -3440095 255.0
cadeira 722.3333 395.8333 21.666666 21.666666 0.0 -3440095 255.0
cadeira 453.33334 199.99998 21.666666 21.666666 0.0 -3440095 255.0
cadeira 428.66666 199.99998 21.666666 21.666666 0.0 -3440095 255.0
cadeira 404.0 199.99998 21.666666 21.666666 0.0 -3440095 255.0
cadeira 379.33334 199.99998 21.666666 21.666666 0.0 -3440095 255.0
cadeira 354.6667 199.99998 21.666666 21.666666 0.0 -3440095 255.0
cadeira 330.0 199.99998 21.666666 21.666666 0.0 -3440095 255.0
cadeira 305.33334 199.99998 21.666666 21.666666 0.0 -3440095 255.0
cadeira 280.6667 199.99998 21.666666 21.666666 0.0 -3440095 255.0
cadeira 256.0 199.99998 21.666666 21.666666 0.0 -3440095 255.0
cadeira 453.33334 239.16666 21.666666 21.666666 0.0 -3440095 255.0
cadeira 428.66666 239.16666 21.666666 21.666666 0.0 -3440095 255.0
cadeira 404.0 239.16666 21.666666 21.666666 0.0 -3440095 255.0
cadeira 379.33334 239.16666 21.666666 21.666666 0.0 -3440095 255.0
cadeira 354.6667 239.16666 21.666666 21.666666 0.0 -3440095 255.0
cadeira 330.0 239.16666 21.666666 21.666666 0.0 -3440095 255.0
cadeira 305.33334 239.16666 21.666666 21.666666 0.0 -3440095 255.0
cadeira 280.6667 239.16666 21.666666 21.666666 0.0 -3440095 255.0
cadeira 256.0 239.16666 21.666666 21.666666 0.0 -3440095 255.0
cadeira 453.33334 278.3333 21.666666 21.666666 0.0 -3440095 255.0
cadeira 428.66666 278.3333 21.666666 21.666666 0.0 -3440095 255.0
cadeira 404.0 278.3333 21.666666 21.666666 0.0 -3440095 255.0
cadeira 379.33334 278.3333 21.666666 21.666666 0.0 -3440095 255.0
cadeira 354.6667 278.3333 21.666666 21.666666 0.0 -3440095 255.0
cadeira 330.0 278.3333 21.666666 21.666666 0.0 -3440095 255.0
cadeira 305.33334 278.3333 21.666666 21.666666 0.0 -3440095 255.0
cadeira 280.6667 278.3333 21.666666 21.666666 0.0 -3440095 255.0
cadeira 256.0 278.3333 21.666666 21.666666 0.0 -3440095 255.0
cadeira 453.33334 317.49997 21.666666 21.666666 0.0 -3440095 255.0
cadeira 428.66666 317.49997 21.666666 21.666666 0.0 -3440095 255.0
cadeira 404.0 317.49997 21.666666 21.666666 0.0 -3440095 255.0
cadeira 379.33334 317.49997 21.666666 21.666666 0.0 -3440095 255.0
cadeira 354.6667 317.49997 21.666666 21.666666 0.0 -3440095 255.0
cadeira 330.0 317.49997 21.666666 21.666666 0.0 -3440095 255.0
cadeira 305.33334 317.49997 21.666666 21.666666 0.0 -3440095 255.0
cadeira 280.6667 317.49997 21.666666 21.666666 0.0 -3440095 255.0
cadeira 256.0 317.49997 21.666666 21.666666 0.0 -3440095 255.0
cadeira 453.33334 356.66663 21.666666 21.666666 0.0 -3440095 255.0
cadeira 428.66666 356.66663 21.666666 21.666666 0.0 -3440095 255.0
cadeira 404.0 356.66663 21.666666 21.666666 0.0 -3440095 255.0
cadeira 379.33334 356.66663 21.666666 21.666666 0.0 -3440095 255.0
cadeira 354.6667 356.66663 21.666666 21.666666 0.0 -3440095 255.0
cadeira 330.0 356.66663 21.666666 21.666666 0.0 -3440095 255.0
cadeira 305.33334 356.66663 21.666666 21.666666 0.0 -3440095 255.0
cadeira 280.6667 356.66663 21.666666 21.666666 0.0 -3440095 255.0
cadeira 256.0 356.66663 21.666666 21.666666 0.0 -3440095 255.0
cadeira 453.33334 395.8333 21.666666 21.666666 0.0 -3440095 255.0
cadeira 428.66666 395.8333 21.666666 21.666666 0.0 -3440095 255.0
cadeira 404.0 395.8333 21.666666 21.666666 0.0 -3440095 255.0
cadeira 379.33334 395.8333 21.666666 21.666666 0.0 -3440095 255.0
cadeira 354.6667 395.8333 21.666666 21.666666 0.0 -3440095 255.0
cadeira 330.0 395.8333 21.666666 21.666666 0.0 -3440095 255.0
cadeira 305.33334 395.8333 21.666666 21.666666 0.0 -3440095 255.0
cadeira 280.6667 395.8333 21.666666 21.666666 0.0 -3440095 255.0
cadeira 256.0 395.8333 21.666666 21.666666 0.0 -3440095 255.0
cadeira 525.0 199.99998 21.666666 21.666666 0.0 -3440095 255.0
cadeira 549.6667 199.99998 21.666666 21.666666 0.0 -3440095 255.0
cadeira 574.3333 199.99998 21.666666 21.666666 0.0 -3440095 255.0
cadeira 599.0 199.99998 21.666666 21.666666 0.0 -3440095 255.0
cadeira 623.6667 199.99998 21.666666 21.666666 0.0 -3440095 255.0
cadeira 648.3333 199.99998 21.666666 21.666666 0.0 -3440095 255.0
cadeira 673.0 199.99998 21.666666 21.666666 0.0 -3440095 255.0
cadeira 697.6666 199.99998 21.666666 21.666666 0.0 -3440095 255.0
cadeira 722.3333 199.99998 21.666666 21.666666 0.0 -3440095 255.0
cadeira 525.0 239.16666 21.666666 21.666666 0.0 -3440095 255.0
cadeira 549.6667 239.16666 21.666666 21.666666 0.0 -3440095 255.0
cadeira 574.3333 239.16666 21.666666 21.666666 0.0 -3440095 255.0
cadeira 599.0 239.16666 21.666666 21.666666 0.0 -3440095 255.0
cadeira 623.6667 239.16666 21.666666 21.666666 0.0 -3440095 255.0
cadeira 648.3333 239.16666 21.666666 21.666666 0.0 -3440095 255.0
cadeira 673.0 239.16666 21.666666 21.666666 0.0 -3440095 255.0
cadeira 697.6666 239.16666 21.666666 21.666666 0.0 -3440095 255.0
cadeira 722.3333 239.16666 21.666666 21.666666 0.0 -3440095 255.0
cadeira 525.0 278.3333 21.666666 21.666666 0.0 -3440095 255.0
cadeira 549.6667 278.3333 21.666666 21.666666 0.0 -3440095 255.0
cadeira 574.3333 278.3333 21.666666 21.666666 0.0 -3440095 255.0
cadeira 599.0 278.3333 21.666666 21.666666 0.0 -3440095 255.0
cadeira 623.6667 278.3333 21.666666 21.666666 0.0 -3440095 255.0
cadeira 648.3333 278.3333 21.666666 21.666666 0.0 -3440095 255.0
cadeira 673.0 278.3333 21.666666 21.666666 0.0 -3440095 255.0
cadeira 697.6666 278.3333 21.666666 21.666666 0.0 -3440095 255.0
cadeira 722.3333 278.3333 21.666666 21.666666 0.0 -3440095 255.0
cadeira 525.0 317.49997 21.666666 21.666666 0.0 -3440095 255.0
cadeira 549.6667 317.49997 21.666666 21.666666 0.0 -3440095 255.0
cadeira 574.3333 317.49997 21.666666 21.666666 0.0 -3440095 255.0
cadeira 599.0 317.49997 21.666666 21.666666 0.0 -3440095 255.0
cadeira 623.6667 317.49997 21.666666 21.666666 0.0 -3440095 255.0
cadeira 648.3333 317.49997 21.666666 21.666666 0.0 -3440095 255.0
cadeira 673.0 317.49997 21.666666 21.666666 0.0 -3440095 255.0
cadeira 697.6666 317.49997 21.666666 21.666666 0.0 -3440095 255.0
cadeira 722.3333 317.49997 21.666666 21.666666 0.0 -3440095 255.0
cadeira 525.0 356.66663 21.666666 21.666666 0.0 -3440095 255.0
cadeira 549.6667 356.66663 21.666666 21.666666 0.0 -3440095 255.0
cadeira 574.3333 356.66663 21.666666 21.666666 0.0 -3440095 255.0
cadeira 599.0 356.66663 21.666666 21.666666 0.0 -3440095 255.0
cadeira 623.6667 356.66663 21.666666 21.666666 0.0 -3440095 255.0
cadeira 648.3333 356.66663 21.666666 21.666666 0.0 -3440095 255.0
cadeira 673.0 356.66663 21.666666 21.666666 0.0 -3440095 255.0
cadeira 697.6666 356.66663 21.666666 21.666666 0.0 -3440095 255.0
cadeira 722.3333 356.66663 21.666666 21.666666 0.0 -3440095 255.0
cadeira 525.0 395.8333 21.666666 21.666666 0.0 -3440095 255.0
cadeira 549.6667 395.8333 21.666666 21.666666 0.0 -3440095 255.0
cadeira 574.3333 395.8333 21.666666 21.666666 0.0 -3440095 255.0
cadeira 599.0 395.8333 21.666666 21.666666 0.0 -3440095 255.0
cadeira 623.6667 395.8333 21.666666 21.666666 0.0 -3440095 255.0
cadeira 648.3333 395.8333 21.666666 21.666666 0.0 -3440095 255.0
cadeira 673.0 395.8333 21.666666 21.666666 0.0 -3440095 255.0
cadeira 697.6666 395.8333 21.666666 21.666666 0.0 -3440095 255.0
cadeira 722.3333 395.8333 21.666666 21.666666 0.0 -3440095 255.0
