cadeira 453.33334 199.99998 21.666666 21.666666 0.0 -3440095 255.0
cadeira 428.66666 199.99998 21.666666 21.666666 0.0 -3440095 255.0
cadeira 404.0 199.99998 21.666666 21.666666 0.0 -3440095 255.0
cadeira 379.33334 199.99998 21.666666 21.666666 0.0 -3440095 255.0
cadeira 354.6667 199.99998 21.666666 21.666666 0.0 -3440095 255.0
cadeira 330.0 199.99998 21.666666 21.666666 0.0 -3440095 255.0
cadeira 305.33334 199.99998 21.666666 21.666666 0.0 -3440095 255.0
cadeira 280.6667 199.99998 21.666666 21.666666 0.0 -3440095 255.0
cadeira 525.0 199.99998 21.666666 21.666666 0.0 -3440095 255.0
cadeira 549.6667 199.99998 21.666666 21.666666 0.0 -3440095 255.0
cadeira 574.3333 199.99998 21.666666 21.666666 0.0 -3440095 255.0
cadeira 599.0 199.99998 21.666666 21.666666 0.0 -3440095 255.0
cadeira 623.6667 199.99998 21.666666 21.666666 0.0 -3440095 255.0
cadeira 648.3333 199.99998 21.666666 21.666666 0.0 -3440095 255.0
cadeira 673.0 199.99998 21.666666 21.666666 0.0 -3440095 255.0
cadeira 697.6666 199.99998 21.666666 21.666666 0.0 -3440095 255.0
cadeira 453.33334 249.99998 21.666666 21.666666 0.0 -3440095 255.0
cadeira 428.66666 249.99998 21.666666 21.666666 0.0 -3440095 255.0
cadeira 404.0 249.99998 21.666666 21.666666 0.0 -3440095 255.0
cadeira 379.33334 249.99998 21.666666 21.666666 0.0 -3440095 255.0
cadeira 354.6667 249.99998 21.666666 21.666666 0.0 -3440095 255.0
cadeira 330.0 249.99998 21.666666 21.666666 0.0 -3440095 255.0
cadeira 305.33334 249.99998 21.666666 21.666666 0.0 -3440095 255.0
cadeira 280.6667 249.99998 21.666666 21.666666 0.0 -3440095 255.0
cadeira 525.0 249.99998 21.666666 21.666666 0.0 -3440095 255.0
cadeira 549.6667 249.99998 21.666666 21.666666 0.0 -3440095 255.0
cadeira 574.3333 249.99998 21.666666 21.666666 0.0 -3440095 255.0
cadeira 599.0 249.99998 21.666666 21.666666 0.0 -3440095 255.0
cadeira 623.6667 249.99998 21.666666 21.666666 0.0 -3440095 255.0
cadeira 648.3333 249.99998 21.666666 21.666666 0.0 -3440095 255.0
cadeira 673.0 249.99998 21.666666 21.666666 0.0 -3440095 255.0
cadeira 697.6666 249.99998 21.666666 21.666666 0.0 -3440095 255.0
cadeira 453.33334 300.0 21.666666 21.666666 0.0 -3440095 255.0
cadeira 428.66666 300.0 21.666666 21.666666 0.0 -3440095 255.0
cadeira 404.0 300.0 21.666666 21.666666 0.0 -3440095 255.0
cadeira 379.33334 300.0 21.666666 21.666666 0.0 -3440095 255.0
cadeira 354.6667 300.0 21.666666 21.666666 0.0 -3440095 255.0
cadeira 330.0 300.0 21.666666 21.666666 0.0 -3440095 255.0
cadeira 305.33334 300.0 21.666666 21.666666 0.0 -3440095 255.0
cadeira 280.6667 300.0 21.666666 21.666666 0.0 -3440095 255.0
cadeira 525.0 300.0 21.666666 21.666666 0.0 -3440095 255.0
cadeira 549.6667 300.0 21.666666 21.666666 0.0 -3440095 255.0
cadeira 574.3333 300.0 21.666666 21.666666 0.0 -3440095 255.0
cadeira 599.0 300.0 21.666666 21.666666 0.0 -3440095 255.0
cadeira 623.6667 300.0 21.666666 21.666666 0.0 -3440095 255.0
cadeira 648.3333 300.0 21.666666 21.666666 0.0 -3440095 255.0
cadeira 673.0 300.0 21.666666 21.666666 0.0 -3440095 255.0
cadeira 697.6666 300.0 21.666666 21.666666 0.0 -3440095 255.0
cadeira 453.33334 350.0 21.666666 21.666666 0.0 -3440095 255.0
cadeira 428.66666 350.0 21.666666 21.666666 0.0 -3440095 255.0
cadeira 404.0 350.0 21.666666 21.666666 0.0 -3440095 255.0
cadeira 379.33334 350.0 21.666666 21.666666 0.0 -3440095 255.0
cadeira 354.6667 350.0 21.666666 21.666666 0.0 -3440095 255.0
cadeira 330.0 350.0 21.666666 21.666666 0.0 -3440095 255.0
cadeira 305.33334 350.0 21.666666 21.666666 0.0 -3440095 255.0
cadeira 280.6667 350.0 21.666666 21.666666 0.0 -3440095 255.0
cadeira 525.0 350.0 21.666666 21.666666 0.0 -3440095 255.0
cadeira 549.6667 350.0 21.666666 21.666666 0.0 -3440095 255.0
cadeira 574.3333 350.0 21.666666 21.666666 0.0 -3440095 255.0
cadeira 599.0 350.0 21.666666 21.666666 0.0 -3440095 255.0
cadeira 623.6667 350.0 21.666666 21.666666 0.0 -3440095 255.0
cadeira 648.3333 350.0 21.666666 21.666666 0.0 -3440095 255.0
cadeira 673.0 350.0 21.666666 21.666666 0.0 -3440095 255.0
cadeira 697.6666 350.0 21.666666 21.666666 0.0 -3440095 255.0
cadeira 453.33334 400.0 21.666666 21.666666 0.0 -3440095 255.0
cadeira 428.66666 400.0 21.666666 21.666666 0.0 -3440095 255.0
cadeira 404.0 400.0 21.666666 21.666666 0.0 -3440095 255.0
cadeira 379.33334 400.0 21.666666 21.666666 0.0 -3440095 255.0
cadeira 354.6667 400.0 21.666666 21.666666 0.0 -3440095 255.0
cadeira 330.0 400.0 21.666666 21.666666 0.0 -3440095 255.0
cadeira 305.33334 400.0 21.666666 21.666666 0.0 -3440095 255.0
cadeira 280.6667 400.0 21.666666 21.666666 0.0 -3440095 255.0
cadeira 525.0 400.0 21.666666 21.666666 0.0 -3440095 255.0
cadeira 549.6667 400.0 21.666666 21.666666 0.0 -3440095 255.0
cadeira 574.3333 400.0 21.666666 21.666666 0.0 -3440095 255.0
cadeira 599.0 400.0 21.666666 21.666666 0.0 -3440095 255.0
cadeira 623.6667 400.0 21.666666 21.666666 0.0 -3440095 255.0
cadeira 648.3333 400.0 21.666666 21.666666 0.0 -3440095 255.0
cadeira 673.0 400.0 21.666666 21.666666 0.0 -3440095 255.0
cadeira 697.6666 400.0 21.666666 21.666666 0.0 -3440095 255.0
cadeira 453.33334 450.0 21.666666 21.666666 0.0 -3440095 255.0
cadeira 428.66666 450.0 21.666666 21.666666 0.0 -3440095 255.0
cadeira 404.0 450.0 21.666666 21.666666 0.0 -3440095 255.0
cadeira 379.33334 450.0 21.666666 21.666666 0.0 -3440095 255.0
cadeira 354.6667 450.0 21.666666 21.666666 0.0 -3440095 255.0
cadeira 330.0 450.0 21.666666 21.666666 0.0 -3440095 255.0
cadeira 305.33334 450.0 21.666666 21.666666 0.0 -3440095 255.0
cadeira 280.6667 450.0 21.666666 21.666666 0.0 -3440095 255.0
cadeira 525.0 450.0 21.666666 21.666666 0.0 -3440095 255.0
cadeira 549.6667 450.0 21.666666 21.666666 0.0 -3440095 255.0
cadeira 574.3333 450.0 21.666666 21.666666 0.0 -3440095 255.0
cadeira 599.0 450.0 21.666666 21.666666 0.0 -3440095 255.0
cadeira 623.6667 450.0 21.666666 21.666666 0.0 -3440095 255.0
cadeira 648.3333 450.0 21.666666 21.666666 0.0 -3440095 255.0
cadeira 673.0 450.0 21.666666 21.666666 0.0 -3440095 255.0
cadeira 697.6666 450.0 21.666666 21.666666 0.0 -3440095 255.0
cadeira 453.33334 500.0 21.666666 21.666666 0.0 -3440095 255.0
cadeira 428.66666 500.0 21.666666 21.666666 0.0 -3440095 255.0
cadeira 404.0 500.0 21.666666 21.666666 0.0 -3440095 255.0
cadeira 379.33334 500.0 21.666666 21.666666 0.0 -3440095 255.0
cadeira 354.6667 500.0 21.666666 21.666666 0.0 -3440095 255.0
cadeira 330.0 500.0 21.666666 21.666666 0.0 -3440095 255.0
cadeira 305.33334 500.0 21.666666 21.666666 0.0 -3440095 255.0
cadeira 280.6667 500.0 21.666666 21.666666 0.0 -3440095 255.0
cadeira 525.0 500.0 21.666666 21.666666 0.0 -3440095 255.0
cadeira 549.6667 500.0 21.666666 21.666666 0.0 -3440095 255.0
cadeira 574.3333 500.0 21.666666 21.666666 0.0 -3440095 255.0
cadeira 599.0 500.0 21.666666 21.666666 0.0 -3440095 255.0
cadeira 623.6667 500.0 21.666666 21.666666 0.0 -3440095 255.0
cadeira 648.3333 500.0 21.666666 21.666666 0.0 -3440095 255.0
cadeira 673.0 500.0 21.666666 21.666666 0.0 -3440095 255.0
cadeira 697.6666 500.0 21.666666 21.666666 0.0 -3440095 255.0
cadeira 453.33334 550.0 21.666666 21.666666 0.0 -3440095 255.0
cadeira 428.66666 550.0 21.666666 21.666666 0.0 -3440095 255.0
cadeira 404.0 550.0 21.666666 21.666666 0.0 -3440095 255.0
cadeira 379.33334 550.0 21.666666 21.666666 0.0 -3440095 255.0
cadeira 354.6667 550.0 21.666666 21.666666 0.0 -3440095 255.0
cadeira 330.0 550.0 21.666666 21.666666 0.0 -3440095 255.0
cadeira 305.33334 550.0 21.666666 21.666666 0.0 -3440095 255.0
cadeira 280.6667 550.0 21.666666 21.666666 0.0 -3440095 255.0
cadeira 525.0 550.0 21.666666 21.666666 0.0 -3440095 255.0
cadeira 549.6667 550.0 21.666666 21.666666 0.0 -3440095 255.0
cadeira 574.3333 550.0 21.666666 21.666666 0.0 -3440095 255.0
cadeira 599.0 550.0 21.666666 21.666666 0.0 -3440095 255.0
cadeira 623.6667 550.0 21.666666 21.666666 0.0 -3440095 255.0
cadeira 648.3333 550.0 21.666666 21.666666 0.0 -3440095 255.0
cadeira 673.0 550.0 21.666666 21.666666 0.0 -3440095 255.0
cadeira 697.6666 550.0 21.666666 21.666666 0.0 -3440095 255.0
cadeira 453.33334 600.0 21.666666 21.666666 0.0 -3440095 255.0
cadeira 428.66666 600.0 21.666666 21.666666 0.0 -3440095 255.0
cadeira 404.0 600.0 21.666666 21.666666 0.0 -3440095 255.0
cadeira 379.33334 600.0 21.666666 21.666666 0.0 -3440095 255.0
cadeira 354.6667 600.0 21.666666 21.666666 0.0 -3440095 255.0
cadeira 330.0 600.0 21.666666 21.666666 0.0 -3440095 255.0
cadeira 305.33334 600.0 21.666666 21.666666 0.0 -3440095 255.0
cadeira 280.6667 600.0 21.666666 21.666666 0.0 -3440095 255.0
cadeira 525.0 600.0 21.666666 21.666666 0.0 -3440095 255.0
cadeira 549.6667 600.0 21.666666 21.666666 0.0 -3440095 255.0
cadeira 574.3333 600.0 21.666666 21.666666 0.0 -3440095 255.0
cadeira 599.0 600.0 21.666666 21.666666 0.0 -3440095 255.0
cadeira 623.6667 600.0 21.666666 21.666666 0.0 -3440095 255.0
cadeira 648.3333 600.0 21.666666 21.666666 0.0 -3440095 255.0
cadeira 673.0 600.0 21.666666 21.666666 0.0 -3440095 255.0
cadeira 697.6666 600.0 21.666666 21.666666 0.0 -3440095 255.0
